5.92659463e+01,5.92659463e+01,1.00133044e+00
3.71352876e+01,3.71352876e+01,1.97477762e-01
1.38279157e+01,1.38279157e+01,6.52597948e-03
1.45143135e+01,1.45143135e+01,2.90397972e-02
6.57601973e+00,6.57601973e+00,7.03684390e-02
3.40166562e+01,3.40166562e+01,2.19385663e-01
7.44781405e+00,7.44781405e+00,1.07132176e-01
3.34572738e+01,3.34572738e+01,1.89847104e-01
1.00257557e+00,1.00257557e+00,1.42588233e-03
1.58839237e+01,1.58839237e+01,2.08779964e-02
5.47952374e+01,5.47952374e+01,3.69531213e-02
6.90277757e+01,6.90277757e+01,6.71245507e-01
4.07544874e+00,4.07544874e+00,2.00058820e-02
2.03317783e+01,2.03317783e+01,2.53077960e-02
1.67831007e+00,1.67831007e+00,4.23022102e-03
1.57357246e+01,1.57357246e+01,1.53057069e-01
3.21825379e+00,3.21825379e+00,2.09860980e-02
1.08805691e+01,1.08805691e+01,1.24965142e-02
3.91645768e+01,3.91645768e+01,4.03573771e-01
1.05553316e+00,1.05553316e+00,7.03976586e-03
3.76508490e+01,3.76508490e+01,2.60005745e-01
4.34782748e+01,4.34782748e+01,2.39687450e-01
3.39998081e+00,3.39998081e+00,1.69231621e-02
1.45030985e+01,1.45030985e+01,2.94392273e-01
1.52567519e+01,1.52567519e+01,3.36798443e-02
2.51454415e+01,2.51454415e+01,5.50942631e-02
1.12251477e+01,1.12251477e+01,2.13608507e-02
1.07321478e+01,1.07321478e+01,1.56404384e-02
3.82838353e+00,3.82838353e+00,1.05739513e-02
3.67092771e+00,3.67092771e+00,6.42114547e-03
9.89979614e+00,9.89979614e+00,1.32387385e-01
4.03607658e+00,4.03607658e+00,5.50415961e-03
2.67131522e+01,2.67131522e+01,5.42377784e-02
1.72283745e+00,1.72283745e+00,3.15117462e-02
1.48876890e+00,1.48876890e+00,1.32820594e-03
4.87029137e+01,4.87029137e+01,9.60859687e-02
4.19956206e+01,4.19956206e+01,1.71831716e-01
1.88974959e+01,1.88974959e+01,2.78820823e-03
2.46869840e+01,2.46869840e+01,9.67450714e-02
1.74346621e+01,1.74346621e+01,6.82887369e-02
4.87871592e+00,4.87871592e+00,4.33651705e-02
3.41347187e+00,3.41347187e+00,9.61794704e-03
5.03931342e+01,5.03931342e+01,3.62212859e-01
5.23092231e+01,5.23092231e+01,5.42734966e-01
2.34033175e+00,2.34033175e+00,9.90769223e-04
1.76699734e+00,1.76699734e+00,4.35084196e-03
2.23980818e+00,2.23980818e+00,1.39514982e-02
4.59217699e+01,4.59217699e+01,2.49208647e-01
8.14595507e+01,8.14595507e+01,3.10873476e-01
2.68039473e+01,2.68039473e+01,2.01982971e-01
1.42078266e+00,1.42078266e+00,2.62561344e-02
2.27529345e+01,2.27529345e+01,6.27598744e-02
1.10965058e+00,1.10965058e+00,6.89319988e-04
5.39381162e+00,5.39381162e+00,5.01060003e-03
8.00762468e+01,8.00762468e+01,1.05059798e-01
4.28384061e+01,4.28384061e+01,1.09869771e-01
1.29080407e+00,1.29080407e+00,3.09639925e-04
1.80329050e+00,1.80329050e+00,1.81694267e-03
7.41199163e+01,7.41199163e+01,7.46620096e-01
1.30570335e+01,1.30570335e+01,2.56889714e-01
2.69063604e+00,2.69063604e+00,2.23505746e-02
1.19456148e+01,1.19456148e+01,5.84279807e-02
2.58343935e+01,2.58343935e+01,9.27093833e-02
3.12590398e+01,3.12590398e+01,2.56928445e-02
1.38354102e+00,1.38354102e+00,4.56231074e-03
1.11171159e+00,1.11171159e+00,4.92514359e-03
3.96838323e+01,3.96838323e+01,9.09921674e-02
2.10543075e+00,2.10543075e+00,1.53548012e-02
2.05363231e+00,2.05363231e+00,1.58759539e-02
1.56869007e+01,1.56869007e+01,6.62503778e-02
2.22635606e+00,2.22635606e+00,1.02766081e-02
6.19606155e+01,6.19606155e+01,7.44635962e-02
5.83404006e+01,5.83404006e+01,5.55391653e-02
4.90515718e+01,4.90515718e+01,1.90047821e-01
1.22256991e+00,1.22256991e+00,2.28800829e-02
9.43185257e+00,9.43185257e+00,2.00580451e-04
2.11944620e+00,2.11944620e+00,1.67987445e-02
8.16715517e+00,8.16715517e+00,6.38974350e-02
6.55083542e+01,6.55083542e+01,2.52030438e-01
6.14001538e+00,6.14001538e+00,5.28480036e-02
2.18523416e+01,2.18523416e+01,3.12840582e-01
1.87692855e+01,1.87692855e+01,3.72843679e-02
2.29528890e+01,2.29528890e+01,1.24224349e-02
1.09231855e+00,1.09231855e+00,5.48783907e-03
1.09529822e+01,1.09529822e+01,4.53920976e-03
4.60298369e+00,4.60298369e+00,1.89520681e-02
8.78780289e+01,8.78780289e+01,8.13921727e-02
3.88019692e+00,3.88019692e+00,2.08788160e-02
1.01538213e+01,1.01538213e+01,9.82131617e-02
1.42662291e+00,1.42662291e+00,1.81248025e-02
1.07547738e+00,1.07547738e+00,1.68218676e-03
2.95648529e+01,2.95648529e+01,2.10172951e-01
1.17495790e+01,1.17495790e+01,9.03013341e-03
4.23004020e+01,4.23004020e+01,2.44136017e-01
1.07435037e+01,1.07435037e+01,7.38162501e-02
4.15740380e+01,4.15740380e+01,2.36346657e-01
8.99099390e+01,8.99099390e+01,1.29894743e+00
1.88985442e+01,1.88985442e+01,8.19085528e-03
2.87503856e+00,2.87503856e+00,9.49396316e-03
4.64153199e+00,4.64153199e+00,6.33321424e-02
;
2.97216284e+00,2.97216284e+00,3.03032851e-02
9.69316669e+00,9.69316669e+00,2.45675750e-02
4.72253046e+01,4.72253046e+01,1.82937971e-01
4.78400110e+01,4.78400110e+01,1.67610992e-01
2.41713378e+01,2.41713378e+01,1.86816660e-01
1.88879381e+01,1.88879381e+01,9.06188731e-04
1.86516146e+01,1.86516146e+01,7.07371609e-01
3.77910876e+01,3.77910876e+01,9.78996403e-02
2.32564384e+00,2.32564384e+00,1.30914844e-02
8.05212665e+00,8.05212665e+00,9.23591796e-03
3.17124029e+01,3.17124029e+01,1.62019868e-01
9.33782725e+00,9.33782725e+00,9.44728730e-02
1.06868180e+00,1.06868180e+00,1.85208738e-02
5.07644456e+01,5.07644456e+01,3.02760015e-01
6.55250529e+00,6.55250529e+00,5.42770015e-03
2.69630211e+00,2.69630211e+00,4.63024709e-03
2.34035912e+01,2.34035912e+01,1.08839683e-01
1.33962782e+00,1.33962782e+00,1.12750059e-02
1.06854931e+01,1.06854931e+01,5.37341478e-02
2.76400949e+00,2.76400949e+00,2.43030266e-03
2.62854410e+00,2.62854410e+00,2.80560385e-03
2.96326388e+00,2.96326388e+00,8.38976700e-03
3.00209671e+01,3.00209671e+01,3.79803932e-01
4.39319565e+01,4.39319565e+01,6.20076911e-01
1.03879093e+00,1.03879093e+00,1.73513801e-03
2.30048279e+00,2.30048279e+00,1.29930883e-02
9.76934686e+01,9.76934686e+01,6.08393612e-01
3.80803409e+00,3.80803409e+00,1.72606736e-02
4.05391643e+01,4.05391643e+01,8.41964194e-03
2.71004814e+01,2.71004814e+01,1.61843772e-01
2.63823976e+01,2.63823976e+01,2.44374913e-01
1.41328567e+00,1.41328567e+00,8.87170942e-04
1.04148111e+00,1.04148111e+00,6.01926832e-03
6.87989051e+00,6.87989051e+00,3.46621779e-02
4.25360780e+00,4.25360780e+00,1.85809564e-02
3.98867983e+01,3.98867983e+01,4.58982571e-02
9.52737163e+01,9.52737163e+01,5.03437765e-01
5.42790245e+01,5.42790245e+01,9.27968838e-03
1.18672954e+01,1.18672954e+01,7.07609622e-02
1.15483576e+01,1.15483576e+01,1.34425953e-01
4.78903707e+00,4.78903707e+00,2.46493956e-02
2.72486734e+00,2.72486734e+00,1.39744295e-02
2.25028091e+00,2.25028091e+00,9.23691136e-03
3.71221896e+00,3.71221896e+00,1.98668889e-02
1.86276582e+00,1.86276582e+00,2.57204183e-02
3.93893806e+00,3.93893806e+00,2.15955859e-03
1.11973676e+01,1.11973676e+01,2.22179573e-02
5.36519453e+00,5.36519453e+00,6.73696053e-03
1.55290388e+00,1.55290388e+00,5.46807773e-03
7.95798747e+01,7.95798747e+01,4.43691635e-01
1.91724477e+01,1.91724477e+01,6.67399928e-02
3.06702356e+00,3.06702356e+00,4.48793476e-03
2.56450872e+01,2.56450872e+01,3.51787089e-01
1.17142642e+01,1.17142642e+01,2.70341223e-01
4.89425480e+00,4.89425480e+00,1.08639162e-01
6.64443458e+00,6.64443458e+00,6.27329547e-02
1.64375968e+00,1.64375968e+00,1.54863463e-02
1.09514310e+00,1.09514310e+00,3.20366981e-03
2.41524393e+01,2.41524393e+01,1.11138919e-01
1.24972264e+01,1.24972264e+01,2.02612498e-02
1.17542005e+00,1.17542005e+00,1.12143394e-02
1.09256213e+00,1.09256213e+00,1.31295415e-03
3.65096598e+00,3.65096598e+00,5.16209705e-04
7.71194820e+00,7.71194820e+00,6.41914659e-02
3.20904883e+00,3.20904883e+00,4.79468783e-02
2.35825923e+00,2.35825923e+00,1.20526730e-02
1.55736815e+00,1.55736815e+00,2.06535310e-04
3.74071359e+00,3.74071359e+00,3.74168734e-02
5.45523182e+01,5.45523182e+01,1.87588617e-01
8.60050135e+01,8.60050135e+01,1.12533816e-02
2.21064946e+01,2.21064946e+01,6.88603799e-02
2.68078824e+01,2.68078824e+01,2.27873631e-02
1.63245455e+01,1.63245455e+01,7.59026299e-02
5.60629603e+01,5.60629603e+01,1.39565879e-01
4.68052792e+01,4.68052792e+01,4.55239867e-02
4.21274044e+01,4.21274044e+01,3.49822286e-01
3.36172966e+00,3.36172966e+00,8.13802224e-03
1.74424998e+00,1.74424998e+00,1.54305294e-02
5.69024722e+00,5.69024722e+00,1.18926824e-02
8.67252492e+01,8.67252492e+01,8.96499246e-02
6.33746441e+01,6.33746441e+01,8.61169825e-02
1.14032299e+01,1.14032299e+01,7.43131542e-02
6.98939011e+00,6.98939011e+00,5.21812312e-03
6.28333531e+00,6.28333531e+00,4.15666312e-02
1.74692835e+00,1.74692835e+00,5.80577265e-03
8.28253725e+00,8.28253725e+00,1.52307727e-01
8.19561274e+01,8.19561274e+01,2.28380823e-01
1.22461427e+00,1.22461427e+00,4.95213221e-03
1.13077435e+01,1.13077435e+01,1.28602496e-01
8.55874833e+01,8.55874833e+01,7.15950802e-02
7.05228504e+00,7.05228504e+00,4.89377217e-02
1.54847290e+00,1.54847290e+00,8.14191077e-03
8.62310785e+01,8.62310785e+01,1.06672142e+00
6.85581697e+01,6.85581697e+01,2.09720762e-01
1.18599237e+01,1.18599237e+01,5.81237316e-02
1.16478125e+01,1.16478125e+01,5.06882223e-02
3.16279360e+00,3.16279360e+00,4.02714851e-04
4.73212700e+01,4.73212700e+01,4.55245691e-01
7.58766260e+00,7.58766260e+00,4.01158202e-02
6.13822828e+01,6.13822828e+01,4.02769369e-01
;
1.02484985e+01,1.02484985e+01,1.10057294e-02
3.32681732e+01,3.32681732e+01,4.42894289e-01
4.77079428e+00,4.77079428e+00,3.24133797e-03
2.65766656e+00,2.65766656e+00,3.28457705e-03
8.19282347e+00,8.19282347e+00,1.76312216e-01
1.81219433e+00,1.81219433e+00,1.27703985e-02
4.02248037e+00,4.02248037e+00,1.19730254e-03
7.28235054e+01,7.28235054e+01,6.44957361e-01
1.66364542e+00,1.66364542e+00,1.28997300e-02
3.20896862e+01,3.20896862e+01,7.02449639e-02
4.47746864e+01,4.47746864e+01,3.24155768e-01
6.51529826e+01,6.51529826e+01,2.57750295e-01
1.03837254e+00,1.03837254e+00,1.18969893e-03
4.92997223e+01,4.92997223e+01,2.25825018e-01
5.96612762e+01,5.96612762e+01,8.85452062e-01
6.72530410e+01,6.72530410e+01,5.52833871e-01
1.82415451e+01,1.82415451e+01,4.53627132e-02
1.37084628e+00,1.37084628e+00,3.18519591e-02
4.62384946e+01,4.62384946e+01,1.87489370e-01
4.25705037e+00,4.25705037e+00,1.07233276e-02
8.25089600e+00,8.25089600e+00,7.39640841e-02
6.97493485e+00,6.97493485e+00,5.78753816e-02
2.78508424e+01,2.78508424e+01,1.35699470e-01
1.04898901e+01,1.04898901e+01,8.61102166e-02
1.85551638e+00,1.85551638e+00,7.40933220e-03
1.24464668e+01,1.24464668e+01,7.76331041e-02
5.44433722e+00,5.44433722e+00,5.08691164e-02
1.55861392e+00,1.55861392e+00,2.09412674e-03
4.64533111e+01,4.64533111e+01,4.84987071e-01
2.34437288e+00,2.34437288e+00,2.73132683e-03
7.43054483e+01,7.43054483e+01,5.66595698e-01
1.43871735e+00,1.43871735e+00,1.17439889e-02
8.76492699e+00,8.76492699e+00,1.38838735e-01
1.17402227e+01,1.17402227e+01,1.18756515e-01
3.10674392e+01,3.10674392e+01,6.09509067e-02
3.29172850e+01,3.29172850e+01,3.07527433e-01
2.64489747e+01,2.64489747e+01,1.67054640e-01
5.75524987e+00,5.75524987e+00,1.40294328e-01
1.50285370e+00,1.50285370e+00,1.59548375e-04
7.80561885e+00,7.80561885e+00,2.41179747e-02
3.10157403e+01,3.10157403e+01,9.63182035e-02
2.15433315e+00,2.15433315e+00,2.03806532e-04
4.23343043e+00,4.23343043e+00,3.62986981e-02
7.14390582e+01,7.14390582e+01,4.82135145e-01
2.67491872e+01,2.67491872e+01,7.00785401e-02
3.57460144e+01,3.57460144e+01,6.66900229e-02
6.80006841e+00,6.80006841e+00,3.35130350e-02
1.03783390e+01,1.03783390e+01,2.82804406e-02
6.55039967e+00,6.55039967e+00,2.57058394e-02
7.25984403e+01,7.25984403e+01,5.42645432e-04
3.08454284e+01,3.08454284e+01,2.36786765e-01
2.62966669e+00,2.62966669e+00,2.04257119e-02
1.11216500e+01,1.11216500e+01,1.10829059e-01
2.36991716e+00,2.36991716e+00,1.66074887e-03
3.77401015e+00,3.77401015e+00,1.08675264e-02
5.56609637e+01,5.56609637e+01,2.37788422e-01
1.29434958e+01,1.29434958e+01,7.21337725e-02
1.91859089e+00,1.91859089e+00,4.31246870e-02
2.06893115e+00,2.06893115e+00,4.31812135e-03
2.18150136e+01,2.18150136e+01,2.59665613e-02
2.61745960e+01,2.61745960e+01,3.52050025e-01
1.91232431e+00,1.91232431e+00,5.25818300e-03
2.95242338e+00,2.95242338e+00,4.35874642e-03
3.72835885e+00,3.72835885e+00,1.57590920e-02
1.06001932e+01,1.06001932e+01,7.45777779e-03
9.99416223e+01,9.99416223e+01,7.95373119e-02
1.20397342e+00,1.20397342e+00,9.13571738e-03
1.42587825e+01,1.42587825e+01,6.75591496e-02
1.85630993e+00,1.85630993e+00,1.50116949e-02
5.76806519e+00,5.76806519e+00,5.32871408e-02
3.47204617e+00,3.47204617e+00,2.03598813e-03
4.15961220e+00,4.15961220e+00,3.87331519e-03
4.29828447e+00,4.29828447e+00,3.45609802e-02
8.55242950e+01,8.55242950e+01,1.59199527e-01
1.91768180e+00,1.91768180e+00,4.27701446e-03
1.08876861e+01,1.08876861e+01,5.95375370e-02
1.85313033e+01,1.85313033e+01,5.38453485e-02
2.52622558e+01,2.52622558e+01,3.19000745e-01
7.28071203e+01,7.28071203e+01,4.63879496e-01
3.87269809e+00,3.87269809e+00,4.85935730e-03
9.38883967e+01,9.38883967e+01,4.54741164e-03
2.01143028e+01,2.01143028e+01,1.02197225e-01
3.38906408e+01,3.38906408e+01,6.74961403e-01
4.59723060e+00,4.59723060e+00,2.05409315e-02
2.21975503e+01,2.21975503e+01,4.09055275e-02
1.63016199e+01,1.63016199e+01,2.35374319e-02
6.95334420e+01,6.95334420e+01,9.73197290e-02
1.38730698e+00,1.38730698e+00,1.06562169e-02
3.14294211e+01,3.14294211e+01,3.27387601e-01
1.18343610e+01,1.18343610e+01,1.00973687e-01
1.44665485e+01,1.44665485e+01,1.25379769e-03
3.07156603e+00,3.07156603e+00,4.46690146e-02
5.54316212e+01,5.54316212e+01,1.52386128e-01
1.12532927e+00,1.12532927e+00,1.83118414e-02
3.10411055e+00,3.10411055e+00,6.92792229e-04
2.46117471e+00,2.46117471e+00,9.15856915e-04
5.61205036e+01,5.61205036e+01,1.63076289e-01
2.22722912e+00,2.22722912e+00,2.79180570e-02
1.67848166e+00,1.67848166e+00,2.78519940e-02
5.36322054e+00,5.36322054e+00,1.24798861e-02
;
4.23896042e+00,4.23896042e+00,6.52935160e-03
6.26962130e+01,6.26962130e+01,1.03696706e-01
7.12131918e+01,7.12131918e+01,4.94773606e-01
1.49190075e+00,1.49190075e+00,1.46003147e-02
4.32668354e+00,4.32668354e+00,2.78273719e-02
2.35883095e+00,2.35883095e+00,3.62708052e-02
4.27439175e+01,4.27439175e+01,2.09317977e-01
1.11008891e+00,1.11008891e+00,1.46941190e-02
3.09831632e+00,3.09831632e+00,2.15840580e-02
3.43700803e+01,3.43700803e+01,1.43852863e-01
5.20873320e+00,5.20873320e+00,4.75858442e-03
5.14703920e+01,5.14703920e+01,1.73646477e-01
7.96103723e+00,7.96103723e+00,3.00034755e-02
3.44822141e+00,3.44822141e+00,8.73873660e-03
2.09294135e+01,2.09294135e+01,2.35170110e-01
3.45760377e+00,3.45760377e+00,8.65781728e-03
4.35230950e+00,4.35230950e+00,5.73678410e-02
1.81381787e+01,1.81381787e+01,1.42779315e-01
5.01299991e+01,5.01299991e+01,1.26857406e-01
2.85821533e+01,2.85821533e+01,2.00529399e-01
5.71334084e+01,5.71334084e+01,5.56333680e-01
3.87479701e+00,3.87479701e+00,1.43517780e-01
2.02623031e+00,2.02623031e+00,1.14578924e-02
1.33815268e+00,1.33815268e+00,5.46532183e-03
2.26795325e+00,2.26795325e+00,3.33964030e-02
3.39992223e+01,3.39992223e+01,1.95943165e-01
2.77570849e+01,2.77570849e+01,1.80145296e-01
2.91237210e+00,2.91237210e+00,7.36664446e-03
2.52743941e+00,2.52743941e+00,1.68023170e-02
1.35578447e+00,1.35578447e+00,1.45668146e-02
4.43320049e+01,4.43320049e+01,7.71118302e-02
4.91228122e+00,4.91228122e+00,4.22656843e-03
4.90831642e+01,4.90831642e+01,4.16891837e-01
8.07766541e+01,8.07766541e+01,5.22776371e-01
2.34211889e+00,2.34211889e+00,1.27114452e-03
1.53747745e+01,1.53747745e+01,6.60656770e-02
2.02023792e+00,2.02023792e+00,1.18889591e-03
6.30138570e+01,6.30138570e+01,1.30282908e-01
6.97129188e+01,6.97129188e+01,1.05931937e+00
3.05424169e+01,3.05424169e+01,1.87077767e-01
2.93773308e+00,2.93773308e+00,2.23351708e-02
1.95383857e+00,1.95383857e+00,2.32107156e-02
9.97217488e+01,9.97217488e+01,1.69846568e+00
5.26990462e+01,5.26990462e+01,9.69402603e-01
6.11933253e+00,6.11933253e+00,1.41924193e-02
3.10241770e+00,3.10241770e+00,8.18956840e-03
1.40990869e+01,1.40990869e+01,1.79234345e-01
1.89087310e+01,1.89087310e+01,5.03707569e-02
2.60083257e+01,2.60083257e+01,5.58608597e-02
1.34766446e+01,1.34766446e+01,2.06069874e-01
1.14341484e+01,1.14341484e+01,1.56049132e-02
2.39040023e+01,2.39040023e+01,8.45464314e-02
7.66824594e+01,7.66824594e+01,2.28207468e-01
1.43714229e+01,1.43714229e+01,7.40258015e-02
1.21001831e+01,1.21001831e+01,1.19701991e-02
1.53070539e+01,1.53070539e+01,1.98399436e-01
2.24401059e+01,2.24401059e+01,2.93271894e-01
1.08952570e+00,1.08952570e+00,1.48376845e-02
2.67559445e+01,2.67559445e+01,3.55053356e-01
1.86891150e+00,1.86891150e+00,5.42311785e-03
8.62404690e+01,8.62404690e+01,2.63756484e-01
3.61929261e+00,3.61929261e+00,4.53338474e-02
3.25979800e+01,3.25979800e+01,1.14141556e-01
2.88570158e+00,2.88570158e+00,2.08696098e-02
1.01979893e+00,1.01979893e+00,3.51877800e-03
7.58028083e+01,7.58028083e+01,6.06816154e-01
5.92895234e+00,5.92895234e+00,6.35336718e-03
7.85740819e+01,7.85740819e+01,4.41809177e-01
2.69981090e+01,2.69981090e+01,4.81606889e-02
1.16797915e+00,1.16797915e+00,1.67675020e-02
1.39250448e+00,1.39250448e+00,1.04088595e-04
5.68219679e+00,5.68219679e+00,2.28414066e-02
2.74635628e+01,2.74635628e+01,1.76860431e-01
5.22484211e+01,5.22484211e+01,5.41159911e-01
2.01493229e+01,2.01493229e+01,2.62895558e-02
4.04412707e+01,4.04412707e+01,3.15889283e-01
1.24787876e+00,1.24787876e+00,3.99036355e-03
2.83760296e+01,2.83760296e+01,2.45814613e-01
7.92789613e+00,7.92789613e+00,5.65431345e-02
2.10866779e+01,2.10866779e+01,1.79548042e-02
2.54724811e+00,2.54724811e+00,4.29983969e-02
3.52726539e+00,3.52726539e+00,1.45191298e-02
2.17027628e+00,2.17027628e+00,2.31535233e-03
6.82713910e+00,6.82713910e+00,2.95367198e-02
3.18097185e+00,3.18097185e+00,4.15175782e-02
2.20065494e+01,2.20065494e+01,1.24164498e-01
1.98022738e+00,1.98022738e+00,3.50767192e-03
1.07335063e+00,1.07335063e+00,2.98738948e-04
5.48310153e+00,5.48310153e+00,3.21007653e-03
6.48678465e+01,6.48678465e+01,1.51393640e-01
2.19420140e+01,2.19420140e+01,3.34587857e-03
1.01208247e+00,1.01208247e+00,8.54669715e-03
8.48419038e+01,8.48419038e+01,2.40750698e-01
2.56887409e+00,2.56887409e+00,8.46932624e-03
6.40657284e+00,6.40657284e+00,5.59573753e-02
1.08011518e+00,1.08011518e+00,2.99093864e-03
1.78972586e+00,1.78972586e+00,4.68924445e-03
7.81661617e+00,7.81661617e+00,5.70389424e-03
8.78358502e+00,8.78358502e+00,6.28196518e-02
2.22275779e+00,2.22275779e+00,9.95695719e-03
;
4.38377403e+01,4.38377403e+01,1.12902197e-01
8.84444664e+01,8.84444664e+01,4.72665106e-01
1.21452770e+01,1.21452770e+01,1.31306723e-03
5.78241522e+01,5.78241522e+01,2.33819265e-01
3.82569052e+00,3.82569052e+00,2.31869651e-02
2.84688550e+01,2.84688550e+01,2.22479071e-02
9.65488969e+01,9.65488969e+01,2.25915101e-02
2.26678549e+01,2.26678549e+01,1.20280467e-02
7.27297718e+01,7.27297718e+01,1.17382614e-01
1.87847143e+00,1.87847143e+00,2.02059016e-02
1.36506349e+00,1.36506349e+00,3.44139196e-03
1.83003219e+01,1.83003219e+01,7.34920629e-02
4.30878683e+01,4.30878683e+01,1.28555146e-01
4.37900041e+00,4.37900041e+00,5.92450347e-02
7.26515961e+01,7.26515961e+01,3.08305291e+00
7.78880200e+01,7.78880200e+01,7.73594389e-02
2.21469711e+00,2.21469711e+00,9.70579201e-03
1.78823418e+01,1.78823418e+01,1.72796011e-01
3.54080217e+01,3.54080217e+01,3.12958320e-02
9.43955007e+01,9.43955007e+01,4.30069813e-01
3.72234045e+00,3.72234045e+00,1.35668631e-02
3.69709337e+00,3.69709337e+00,6.00024127e-02
3.04156932e+01,3.04156932e+01,9.72224724e-02
1.39796639e+00,1.39796639e+00,7.18387014e-04
2.63966814e+01,2.63966814e+01,1.12496630e-01
5.95058974e+00,5.95058974e+00,1.09798725e-01
7.76984241e+01,7.76984241e+01,2.32697825e-01
1.39724232e+00,1.39724232e+00,1.23081507e-02
5.42678170e+00,5.42678170e+00,3.63732562e-03
4.75235632e+00,4.75235632e+00,4.53335900e-02
1.52868006e+01,1.52868006e+01,2.32506247e-02
6.81844396e+01,6.81844396e+01,1.05854190e-01
4.37535675e+01,4.37535675e+01,8.44100861e-02
3.04917594e+00,3.04917594e+00,2.23570703e-02
1.90614324e+00,1.90614324e+00,3.16292039e-03
7.66618627e+00,7.66618627e+00,2.46272819e-02
7.83289176e+01,7.83289176e+01,2.10175859e-02
1.16178258e+01,1.16178258e+01,3.11335908e-02
1.61175119e+00,1.61175119e+00,5.46690583e-03
4.27244808e+01,4.27244808e+01,1.29247147e-02
5.68362669e+01,5.68362669e+01,2.72201803e-01
6.31749866e+01,6.31749866e+01,1.20539534e+00
7.69057741e+00,7.69057741e+00,1.70714692e-02
1.21476279e+01,1.21476279e+01,7.30237608e-02
8.40473275e+00,8.40473275e+00,2.03055506e-01
1.26235177e+01,1.26235177e+01,2.35363106e-01
1.15166490e+00,1.15166490e+00,1.97878574e-03
2.20316046e+01,2.20316046e+01,2.01818342e-01
4.06056966e+01,4.06056966e+01,6.30674176e-02
2.97335051e+01,2.97335051e+01,1.52084989e-02
2.12454073e+01,2.12454073e+01,3.15261158e-02
6.14983692e+00,6.14983692e+00,1.48633827e-01
2.31083824e+01,2.31083824e+01,4.49288810e-02
3.25887562e+00,3.25887562e+00,1.83414791e-02
1.79565631e+01,1.79565631e+01,1.82602914e-01
3.69226682e+01,3.69226682e+01,4.33725604e-02
5.57932124e+01,5.57932124e+01,9.32929067e-02
2.69355383e+00,2.69355383e+00,4.08370480e-03
1.92406290e+01,1.92406290e+01,3.27509111e-01
1.76257614e+00,1.76257614e+00,2.71098334e-02
1.41529379e+01,1.41529379e+01,2.09106038e-01
8.15902372e+00,8.15902372e+00,8.17887340e-02
7.37757671e+00,7.37757671e+00,3.19687217e-02
7.37969401e+01,7.37969401e+01,3.99468228e-01
4.23663709e+00,4.23663709e+00,1.04141418e-02
3.07488568e+01,3.07488568e+01,5.81127771e-01
3.20525396e+00,3.20525396e+00,1.95961762e-02
4.31687985e+01,4.31687985e+01,5.87513413e-02
8.91319428e+01,8.91319428e+01,1.60642633e+00
8.50524208e+00,8.50524208e+00,4.40720695e-02
2.81536359e+00,2.81536359e+00,2.15407601e-02
3.26013990e+01,3.26013990e+01,4.00159461e-01
2.29131971e+01,2.29131971e+01,4.61149147e-02
1.03923266e+00,1.03923266e+00,2.22491338e-02
2.08928857e+01,2.08928857e+01,2.24762937e-01
1.05532207e+00,1.05532207e+00,1.16876784e-02
1.25715593e+01,1.25715593e+01,4.85176072e-02
5.48496038e+00,5.48496038e+00,1.64829454e-02
1.56972487e+00,1.56972487e+00,2.63503764e-03
9.13200433e+01,9.13200433e+01,1.05881673e+00
2.86092758e+01,2.86092758e+01,7.85318676e-03
8.11263840e+01,8.11263840e+01,6.75456705e-01
2.03128488e+00,2.03128488e+00,4.23612481e-03
5.59077912e+00,5.59077912e+00,1.03822304e-01
5.79655823e+01,5.79655823e+01,4.66909998e-03
5.91638337e+00,5.91638337e+00,2.76407462e-03
3.42471903e+00,3.42471903e+00,3.50453334e-02
3.58606421e+00,3.58606421e+00,3.40165450e-02
2.03563034e+01,2.03563034e+01,3.54677570e-01
1.63213155e+01,1.63213155e+01,9.18288684e-02
1.02769196e+01,1.02769196e+01,1.59575051e-02
2.96912483e+01,2.96912483e+01,1.71905009e-02
1.22352041e+00,1.22352041e+00,6.71901572e-03
1.00750549e+01,1.00750549e+01,4.02948638e-02
6.46649968e+01,6.46649968e+01,6.40711460e-01
5.89489642e+01,5.89489642e+01,1.77496148e-01
9.63539607e+00,9.63539607e+00,1.93471778e-02
2.07157841e+01,2.07157841e+01,1.30754889e-01
2.14235703e+00,2.14235703e+00,1.04810007e-02
7.44079908e+01,7.44079908e+01,7.13693712e-01
;
2.04428363e+00,2.04428363e+00,3.86402945e-02
1.22376130e+01,1.22376130e+01,4.86786466e-04
5.51065093e+01,5.51065093e+01,1.11556718e-01
2.12025214e+00,2.12025214e+00,3.81909200e-03
2.37819315e+00,2.37819315e+00,2.09440085e-02
5.83035297e+01,5.83035297e+01,7.04393573e-02
8.14817162e+00,8.14817162e+00,2.95975519e-02
7.30095210e+01,7.30095210e+01,1.95607155e-01
2.62418569e+01,2.62418569e+01,6.27677004e-02
3.74779543e+01,3.74779543e+01,4.16823778e-01
3.35903163e+00,3.35903163e+00,8.56210090e-03
7.19576485e+00,7.19576485e+00,1.18649204e-01
2.10608990e+01,2.10608990e+01,2.79695303e-02
1.24754708e+01,1.24754708e+01,4.24092410e-02
1.16876001e+00,1.16876001e+00,2.05170911e-02
2.18178380e+01,2.18178380e+01,1.31533779e-01
3.67582469e+00,3.67582469e+00,8.81289265e-02
3.05190028e+00,3.05190028e+00,3.38623736e-02
3.01025528e+01,3.01025528e+01,7.79533579e-02
1.47504626e+01,1.47504626e+01,1.07265118e-01
4.42222200e+00,4.42222200e+00,3.54553568e-03
1.62077058e+01,1.62077058e+01,1.29619753e-02
1.45214399e+00,1.45214399e+00,1.21281097e-02
9.99876358e+00,9.99876358e+00,9.77487759e-02
2.96522279e+01,2.96522279e+01,7.97727524e-02
3.23481575e+00,3.23481575e+00,6.28384917e-03
1.10661751e+01,1.10661751e+01,1.60886997e-01
3.64358397e+01,3.64358397e+01,2.09648445e-01
1.29511170e+01,1.29511170e+01,1.08455121e-01
8.36737831e+01,8.36737831e+01,5.12289083e-02
1.11683024e+00,1.11683024e+00,4.97965080e-03
6.23343700e+01,6.23343700e+01,7.60502897e-02
7.07556330e+00,7.07556330e+00,5.43246471e-02
9.26058571e+01,9.26058571e+01,6.37194320e-01
6.31690203e+01,6.31690203e+01,4.45894182e-02
6.36697393e+01,6.36697393e+01,1.35857051e-01
4.57047625e+01,4.57047625e+01,3.47764048e-01
1.46480734e+00,1.46480734e+00,1.34782150e-02
8.13325669e+00,8.13325669e+00,4.05538491e-02
3.58317258e+01,3.58317258e+01,5.73230514e-01
2.33918520e+01,2.33918520e+01,3.07877636e-01
5.56312745e+00,5.56312745e+00,3.34129689e-03
1.14861045e+00,1.14861045e+00,1.31314264e-02
5.39622771e+00,5.39622771e+00,8.48474047e-02
8.89877405e+00,8.89877405e+00,1.66154172e-02
2.77666516e+01,2.77666516e+01,1.27160660e-01
2.38205371e+00,2.38205371e+00,2.35146318e-02
5.30637456e+00,5.30637456e+00,9.15618831e-02
6.31976380e+01,6.31976380e+01,4.69945058e-01
5.07633242e+00,5.07633242e+00,4.39333414e-03
1.08483682e+00,1.08483682e+00,1.64438449e-03
1.51803082e+00,1.51803082e+00,5.93141101e-03
1.04982566e+01,1.04982566e+01,1.25189892e-01
1.05884250e+01,1.05884250e+01,1.64071857e-03
3.91823956e+00,3.91823956e+00,7.37833562e-03
2.74471485e+01,2.74471485e+01,5.57060812e-02
4.41984739e+01,4.41984739e+01,6.10535563e-02
9.29044166e+01,9.29044166e+01,3.01971975e+00
1.22282160e+01,1.22282160e+01,1.43716976e-02
1.81193516e+00,1.81193516e+00,7.44985737e-04
6.43891308e+00,6.43891308e+00,3.70641977e-02
3.04624854e+00,3.04624854e+00,3.17176182e-03
2.81692099e+01,2.81692099e+01,2.34141007e-01
9.57788448e+00,9.57788448e+00,7.98841872e-02
1.35614667e+00,1.35614667e+00,1.76105947e-02
8.04182819e+01,8.04182819e+01,1.80235250e-02
2.75658955e+01,2.75658955e+01,2.78337748e-01
3.20050597e+01,3.20050597e+01,5.41411733e-02
6.27938926e+00,6.27938926e+00,2.01057554e-02
2.88778966e+00,2.88778966e+00,3.74849073e-02
1.71409314e+00,1.71409314e+00,5.35838784e-03
2.34594522e+00,2.34594522e+00,3.31332612e-02
1.16386816e+01,1.16386816e+01,1.89998041e-01
2.15079044e+01,2.15079044e+01,1.13961682e-01
1.49644920e+01,1.49644920e+01,6.84670283e-02
3.64452713e+00,3.64452713e+00,1.75577383e-02
5.22735867e+00,5.22735867e+00,1.05418304e-02
1.17517661e+01,1.17517661e+01,5.09837470e-02
5.71357762e+00,5.71357762e+00,1.14393124e-02
2.29349811e+00,2.29349811e+00,2.80066572e-02
1.46999142e+00,1.46999142e+00,9.11720624e-03
3.76053662e+01,3.76053662e+01,2.15322221e-01
1.95009681e+01,1.95009681e+01,5.36440761e-01
2.02793437e+00,2.02793437e+00,8.55118510e-03
1.57287751e+00,1.57287751e+00,2.27140502e-02
4.24283117e+01,4.24283117e+01,9.15594862e-02
6.62891360e+01,6.62891360e+01,5.74776602e-01
5.96804574e+01,5.96804574e+01,1.87121511e+00
1.40997575e+01,1.40997575e+01,6.01951757e-02
1.48106680e+01,1.48106680e+01,1.89892817e-01
7.23139647e+00,7.23139647e+00,1.25771992e-02
1.80500782e+00,1.80500782e+00,3.86114902e-03
8.49707512e+01,8.49707512e+01,2.35738295e-01
8.64398568e+01,8.64398568e+01,4.57013229e-01
2.41421757e+00,2.41421757e+00,9.85309602e-03
8.98117727e+01,8.98117727e+01,3.99628478e-02
3.55998287e+00,3.55998287e+00,8.41572499e-03
1.64597852e+01,1.64597852e+01,7.83366732e-03
1.07064739e+01,1.07064739e+01,1.26205436e-01
4.79219363e+00,4.79219363e+00,9.10172099e-02
;
4.32377070e+00,4.32377070e+00,3.48338447e-02
6.04582439e+01,6.04582439e+01,1.35258484e-01
1.12050942e+00,1.12050942e+00,1.96141325e-02
3.05364649e+01,3.05364649e+01,4.30546336e-02
6.22549659e+01,6.22549659e+01,4.66259258e-01
2.69739392e+00,2.69739392e+00,1.18646230e-02
2.81679164e+01,2.81679164e+01,5.13784029e-02
9.19363151e+00,9.19363151e+00,6.20175453e-02
1.21190121e+00,1.21190121e+00,6.59847478e-03
8.62261620e+00,8.62261620e+00,7.30787130e-02
4.13247639e+00,4.13247639e+00,1.69914272e-02
1.33879927e+01,1.33879927e+01,4.16714083e-02
1.78480890e+01,1.78480890e+01,5.30984070e-03
4.01353502e+00,4.01353502e+00,2.83001807e-02
2.37050121e+00,2.37050121e+00,3.55347909e-02
2.38401076e+01,2.38401076e+01,4.27689149e-03
2.69009539e+00,2.69009539e+00,1.24136459e-02
3.98099249e+01,3.98099249e+01,1.01310344e+00
8.47984773e+00,8.47984773e+00,5.86361037e-02
1.11291209e+01,1.11291209e+01,7.40795115e-02
6.14312605e+01,6.14312605e+01,3.53414603e-01
9.77262414e+01,9.77262414e+01,5.62685963e-03
4.19867096e+00,4.19867096e+00,2.23118097e-01
2.70333626e+00,2.70333626e+00,1.32074609e-02
2.09024574e+01,2.09024574e+01,4.92391171e-02
9.41538053e+00,9.41538053e+00,6.42615360e-02
8.27777748e+01,8.27777748e+01,1.30958646e-01
1.11878802e+01,1.11878802e+01,1.09017542e-01
3.86356752e+00,3.86356752e+00,1.50711716e-02
2.69749915e+01,2.69749915e+01,1.44099631e-01
7.58972869e+00,7.58972869e+00,1.21537807e-02
7.40880669e+01,7.40880669e+01,6.66802075e-01
1.80127438e+00,1.80127438e+00,3.31032978e-02
3.32828624e+01,3.32828624e+01,1.79186712e-01
2.54738955e+00,2.54738955e+00,4.20859396e-03
4.18135121e+01,4.18135121e+01,3.19170038e-01
1.12402000e+00,1.12402000e+00,1.16672691e-02
3.62260536e+00,3.62260536e+00,3.11771222e-02
2.54159298e+01,2.54159298e+01,1.18479655e-01
4.76067636e+00,4.76067636e+00,4.01396333e-02
6.47400577e+01,6.47400577e+01,2.63103545e-01
2.14103581e+01,2.14103581e+01,3.18798852e-02
5.73705333e+01,5.73705333e+01,3.02790790e-01
2.37213808e+01,2.37213808e+01,1.97249476e-02
3.66482761e+00,3.66482761e+00,3.01909373e-02
1.74164543e+00,1.74164543e+00,5.04217067e-03
1.54032623e+00,1.54032623e+00,9.74516270e-03
8.39988318e+01,8.39988318e+01,4.13976669e-01
1.58068918e+01,1.58068918e+01,1.77071364e-01
1.01178376e+00,1.01178376e+00,9.97772510e-03
6.64394436e+00,6.64394436e+00,1.97277510e-02
5.30926251e+00,5.30926251e+00,3.22480274e-02
5.83366391e+01,5.83366391e+01,4.11255135e-01
1.39265840e+01,1.39265840e+01,2.22226590e-02
3.13458257e+00,3.13458257e+00,2.96414366e-02
4.60636290e+01,4.60636290e+01,3.52522088e-01
8.83001455e+01,8.83001455e+01,1.40978163e+00
8.42730099e+01,8.42730099e+01,1.61737710e-01
9.01267362e+00,9.01267362e+00,2.15210202e-01
2.84283700e+00,2.84283700e+00,4.53874914e-04
6.31957379e+00,6.31957379e+00,9.64869055e-02
1.17797429e+00,1.17797429e+00,6.66735459e-03
1.53542850e+00,1.53542850e+00,3.16549256e-03
1.38361683e+01,1.38361683e+01,2.55148485e-01
4.73041787e+00,4.73041787e+00,2.84893565e-02
8.33170238e+01,8.33170238e+01,6.35794289e-01
2.92465355e+01,2.92465355e+01,2.29529710e-02
1.70336969e+01,1.70336969e+01,4.80596294e-01
6.46316790e+00,6.46316790e+00,6.47846152e-02
3.82004437e+00,3.82004437e+00,2.07338264e-02
2.43225480e+00,2.43225480e+00,4.76486800e-04
4.03861212e+01,4.03861212e+01,1.32662508e-01
1.30112873e+00,1.30112873e+00,4.36488881e-03
4.00735146e+01,4.00735146e+01,1.61772144e-01
4.66774442e+00,4.66774442e+00,1.12132189e-01
3.75346964e+01,3.75346964e+01,2.17300009e-02
1.25765092e+01,1.25765092e+01,1.37307639e-01
1.17035943e+00,1.17035943e+00,1.02124829e-02
2.05224878e+01,2.05224878e+01,6.13257805e-02
2.92133735e+01,2.92133735e+01,3.72095054e-01
3.72038403e+00,3.72038403e+00,2.86539319e-02
5.39225970e+01,5.39225970e+01,2.25064379e-01
6.48430998e+01,6.48430998e+01,3.10059857e-01
1.88597093e+01,1.88597093e+01,3.07340616e-02
3.41169960e+01,3.41169960e+01,2.92300332e-01
6.61252951e+00,6.61252951e+00,1.03187864e-01
1.30576118e+00,1.30576118e+00,6.49272068e-03
3.78366543e+00,3.78366543e+00,1.29251659e-02
5.51320933e+00,5.51320933e+00,3.80081492e-02
2.21036792e+01,2.21036792e+01,3.08952886e-02
1.60100396e+00,1.60100396e+00,2.31107488e-02
7.33276513e+00,7.33276513e+00,2.45055196e-02
1.56709481e+01,1.56709481e+01,1.33980131e-01
7.64623797e+01,7.64623797e+01,1.44611423e+00
1.36308070e+00,1.36308070e+00,3.57998746e-03
1.85149855e+01,1.85149855e+01,3.58662439e-02
1.97070849e+00,1.97070849e+00,6.17754482e-03
3.86398125e+00,3.86398125e+00,1.71613268e-03
2.70320737e+01,2.70320737e+01,1.53148347e-02
1.35367451e+01,1.35367451e+01,1.14011527e-01
;
6.99546804e+01,6.99546804e+01,2.53557323e-01
8.17861118e+01,8.17861118e+01,2.67562617e-01
2.61394337e+00,2.61394337e+00,1.32276674e-02
3.18986997e+01,3.18986997e+01,1.76209285e-01
1.15405907e+01,1.15405907e+01,1.93709086e-01
1.22009439e+01,1.22009439e+01,3.43441753e-03
2.06658911e+01,2.06658911e+01,3.98121896e-02
1.41336925e+01,1.41336925e+01,1.86137263e-01
1.42863530e+01,1.42863530e+01,4.97911590e-02
9.04418352e+00,9.04418352e+00,1.84287680e-02
1.30212933e+01,1.30212933e+01,5.42843481e-03
9.70472011e+00,9.70472011e+00,9.56923388e-02
2.00306710e+00,2.00306710e+00,8.15434464e-03
4.76185423e+01,4.76185423e+01,3.63594911e-02
8.89640665e+01,8.89640665e+01,3.50545305e+00
3.61314019e+00,3.61314019e+00,2.71189884e-03
4.58415593e+00,4.58415593e+00,7.39338813e-03
4.44102429e+00,4.44102429e+00,8.57984093e-02
2.50492271e+01,2.50492271e+01,1.64726709e-01
4.75991921e+00,4.75991921e+00,1.57362302e-01
1.04484625e+00,1.04484625e+00,1.78501211e-02
1.10126576e+01,1.10126576e+01,1.40142516e-01
1.80195250e+01,1.80195250e+01,1.65139606e-01
1.23686967e+00,1.23686967e+00,1.77674041e-03
4.58958634e+01,4.58958634e+01,9.52873672e-03
2.69642891e+01,2.69642891e+01,7.72530824e-01
1.66881509e+00,1.66881509e+00,1.35355559e-02
1.22927038e+01,1.22927038e+01,8.63702179e-02
3.53504898e+00,3.53504898e+00,1.98037771e-02
9.10061096e+01,9.10061096e+01,8.28284369e-01
2.81426640e+01,2.81426640e+01,7.07370721e-02
9.69450067e+00,9.69450067e+00,1.33278701e-01
4.33088643e+00,4.33088643e+00,7.52996139e-02
2.67590643e+00,2.67590643e+00,5.15387322e-03
1.71799848e+01,1.71799848e+01,1.74609917e-02
7.69345235e+00,7.69345235e+00,1.62504799e-02
9.75223395e+00,9.75223395e+00,2.27859974e-01
3.04837877e+00,3.04837877e+00,1.35120167e-02
4.61307687e+00,4.61307687e+00,2.70759155e-02
9.48550715e+01,9.48550715e+01,1.01061788e-01
1.91836229e+01,1.91836229e+01,8.62095211e-02
1.74031031e+00,1.74031031e+00,1.02362097e-02
2.61709589e+00,2.61709589e+00,1.50322637e-02
1.22491536e+00,1.22491536e+00,9.47627183e-03
1.07305195e+01,1.07305195e+01,1.34225280e-02
3.08440256e+00,3.08440256e+00,1.04527200e-02
1.45778943e+00,1.45778943e+00,4.55574028e-03
8.62260678e+01,8.62260678e+01,7.38293289e-01
1.82173833e+00,1.82173833e+00,6.98381881e-03
1.38646788e+00,1.38646788e+00,9.84291274e-03
8.45199220e+01,8.45199220e+01,1.53527520e-01
9.33304403e+01,9.33304403e+01,4.12519302e-01
7.78314803e+00,7.78314803e+00,2.39223745e-02
2.62783403e+00,2.62783403e+00,1.69545307e-03
3.53253722e+00,3.53253722e+00,1.18263125e-02
8.74309637e+00,8.74309637e+00,1.49413541e-02
2.81322241e+01,2.81322241e+01,1.13430469e-02
3.09855832e+01,3.09855832e+01,1.24083950e-02
2.14945899e+01,2.14945899e+01,1.28408328e-01
5.88530346e+00,5.88530346e+00,2.27078986e-02
1.46717209e+01,1.46717209e+01,4.92779364e-02
1.40745133e+00,1.40745133e+00,2.73790183e-02
2.08553025e+00,2.08553025e+00,6.42187173e-03
4.60177979e+01,4.60177979e+01,3.22806525e-01
8.23017264e+00,8.23017264e+00,3.71198051e-03
2.31532184e+00,2.31532184e+00,1.90001280e-02
2.40636111e+00,2.40636111e+00,6.32926253e-03
2.42928637e+00,2.42928637e+00,2.57924574e-02
3.49815968e+00,3.49815968e+00,1.14237090e-02
1.52869391e+01,1.52869391e+01,1.86557963e-01
1.11012458e+00,1.11012458e+00,1.13964374e-02
1.85810129e+01,1.85810129e+01,6.46300761e-02
1.95604767e+00,1.95604767e+00,1.66734882e-02
1.16514561e+01,1.16514561e+01,2.14983983e-01
1.70683954e+01,1.70683954e+01,3.33599544e-01
1.27373805e+01,1.27373805e+01,1.59136873e-01
1.00195873e+00,1.00195873e+00,1.27294827e-02
1.20757080e+01,1.20757080e+01,2.82063913e-01
5.65238467e+00,5.65238467e+00,1.22410124e-01
3.55869104e+00,3.55869104e+00,7.88166142e-03
8.30068778e+00,8.30068778e+00,5.44173222e-02
4.26582764e+01,4.26582764e+01,7.99436448e-01
3.26821638e+01,3.26821638e+01,1.27762212e-01
4.09031825e+00,4.09031825e+00,3.43094654e-02
5.82920788e+01,5.82920788e+01,5.74989429e-01
2.71334255e+01,2.71334255e+01,1.93178145e-01
1.09164465e+01,1.09164465e+01,8.40996037e-02
2.77983667e+00,2.77983667e+00,5.75501749e-03
6.41355330e+00,6.41355330e+00,7.20348655e-02
1.84113150e+00,1.84113150e+00,1.53145818e-03
1.45023223e+01,1.45023223e+01,4.75816770e-02
1.16726724e+00,1.16726724e+00,1.37134856e-03
1.70774236e+00,1.70774236e+00,1.13940268e-04
1.00889697e+01,1.00889697e+01,1.47869129e-01
4.12406151e+00,4.12406151e+00,4.34846292e-02
1.66584778e+01,1.66584778e+01,6.87024087e-02
1.99119718e+00,1.99119718e+00,9.84056161e-03
2.24587876e+01,2.24587876e+01,1.07010883e-01
1.31091968e+00,1.31091968e+00,4.85509175e-03
3.86295684e+00,3.86295684e+00,5.04058289e-02
;
1.62503450e+01,1.62503450e+01,4.00035367e-02
4.59854182e+01,4.59854182e+01,5.62589360e-01
1.30786691e+00,1.30786691e+00,1.04913383e-02
3.21659349e+01,3.21659349e+01,6.00692984e-02
6.15443239e+01,6.15443239e+01,2.67893824e-01
1.15129403e+00,1.15129403e+00,4.21903900e-02
1.78779945e+01,1.78779945e+01,2.47543235e-01
1.51950657e+01,1.51950657e+01,1.28808130e-01
1.89567440e+01,1.89567440e+01,5.49930545e-02
6.64193531e+00,6.64193531e+00,9.34577438e-04
4.81653382e+01,4.81653382e+01,4.57994177e-02
6.43565875e+01,6.43565875e+01,3.73221833e-01
5.70119425e+00,5.70119425e+00,1.92252217e-01
9.62425273e+00,9.62425273e+00,3.08680721e-02
6.74647753e+00,6.74647753e+00,1.37863121e-01
1.18253224e+01,1.18253224e+01,7.80242255e-02
3.02979027e+00,3.02979027e+00,2.99050699e-02
2.06531818e+01,2.06531818e+01,1.95438392e-01
1.68577583e+01,1.68577583e+01,1.21747725e-02
1.54707582e+00,1.54707582e+00,1.41252340e-02
1.54527348e+00,1.54527348e+00,2.27166810e-02
7.86635104e+01,7.86635104e+01,2.39936401e-02
2.79989626e+01,2.79989626e+01,1.79534780e-01
9.18683567e+00,9.18683567e+00,1.85221419e-03
2.71680098e+01,2.71680098e+01,3.33127841e-02
1.77238278e+01,1.77238278e+01,2.08017356e-02
1.50379361e+01,1.50379361e+01,6.73938676e-02
3.47165950e+01,3.47165950e+01,7.88262612e-02
8.32597187e+01,8.32597187e+01,5.57716993e-01
3.52168327e+00,3.52168327e+00,3.61801541e-02
1.86864405e+01,1.86864405e+01,8.22203473e-03
7.55235652e+01,7.55235652e+01,2.25974176e-01
1.58476608e+01,1.58476608e+01,6.47642889e-02
1.06033041e+00,1.06033041e+00,9.85014654e-04
8.05109409e+01,8.05109409e+01,1.08717494e-01
1.06892830e+01,1.06892830e+01,6.62029846e-02
1.13026944e+01,1.13026944e+01,9.10652234e-02
1.30469675e+00,1.30469675e+00,2.28672832e-02
5.26599175e+01,5.26599175e+01,6.12118535e-01
2.95300779e+01,2.95300779e+01,7.96950197e-02
1.08907813e+01,1.08907813e+01,4.74562980e-03
7.08674874e+00,7.08674874e+00,1.46862365e-02
2.38993635e+00,2.38993635e+00,5.42932346e-04
4.11458388e+01,4.11458388e+01,5.92206315e-01
6.44076180e+01,6.44076180e+01,3.36090301e-02
1.58405099e+01,1.58405099e+01,2.02074980e-01
8.74565681e+00,8.74565681e+00,5.06126833e-02
1.52948885e+01,1.52948885e+01,8.67486524e-02
3.74226170e+01,3.74226170e+01,3.46937165e-01
4.87379402e+01,4.87379402e+01,1.04934415e+00
2.39960856e+00,2.39960856e+00,3.37551265e-02
3.06865395e+01,3.06865395e+01,3.45102004e-01
1.19380801e+00,1.19380801e+00,1.87830785e-02
6.25718090e+00,6.25718090e+00,3.26273576e-02
6.12310928e+01,6.12310928e+01,9.84927065e-01
2.72299247e+00,2.72299247e+00,9.97055026e-03
1.04422672e+00,1.04422672e+00,1.96305482e-02
8.78153192e+00,8.78153192e+00,1.89812874e-02
7.56737217e+01,7.56737217e+01,3.70575695e-01
1.24637749e+01,1.24637749e+01,2.20639061e-02
1.11673793e+01,1.11673793e+01,2.48180167e-01
3.65470169e+01,3.65470169e+01,1.11137973e-01
2.73331935e+00,2.73331935e+00,3.22941999e-02
4.63776134e+00,4.63776134e+00,2.73167822e-02
1.18126535e+00,1.18126535e+00,3.02940140e-03
4.13340283e+00,4.13340283e+00,3.67302797e-02
5.70608522e+00,5.70608522e+00,5.88294741e-02
6.80567645e+01,6.80567645e+01,1.28683910e+00
6.18540916e+00,6.18540916e+00,5.22113394e-02
1.34279853e+00,1.34279853e+00,8.35108308e-03
1.10943188e+01,1.10943188e+01,1.83577979e-01
4.35862733e+00,4.35862733e+00,5.02370863e-02
1.24509434e+01,1.24509434e+01,7.68065547e-02
4.32409452e+00,4.32409452e+00,2.15359166e-02
2.00115588e+01,2.00115588e+01,4.45704581e-01
9.64598428e+00,9.64598428e+00,2.36501737e-02
1.21633886e+01,1.21633886e+01,1.79738114e-02
6.44964947e+00,6.44964947e+00,6.08290645e-02
7.99614587e+01,7.99614587e+01,6.64449094e-02
1.21571481e+00,1.21571481e+00,1.58424574e-02
2.03847667e+01,2.03847667e+01,5.42100357e-01
1.73341849e+01,1.73341849e+01,1.93928885e-01
2.52344055e+00,2.52344055e+00,2.15633936e-03
5.53779035e+00,5.53779035e+00,1.89650239e-02
1.78274980e+01,1.78274980e+01,2.34850295e-01
1.37246674e+01,1.37246674e+01,1.17107492e-01
1.53703984e+00,1.53703984e+00,1.02596628e-02
5.93061156e+00,5.93061156e+00,4.64726381e-02
4.00646822e+00,4.00646822e+00,2.32714190e-03
9.80609182e+01,9.80609182e+01,4.13378711e-01
6.65586559e+00,6.65586559e+00,6.91086509e-02
2.81974670e+01,2.81974670e+01,8.74914231e-01
3.31708392e+00,3.31708392e+00,1.94441258e-02
1.29306595e+00,1.29306595e+00,4.66884003e-03
1.53456973e+00,1.53456973e+00,1.87651521e-03
7.45220623e+00,7.45220623e+00,1.23834924e-02
5.26601481e+00,5.26601481e+00,1.53628410e-02
1.16382692e+01,1.16382692e+01,1.14595849e-02
3.83322918e+01,3.83322918e+01,1.09663250e-02
2.66689201e+01,2.66689201e+01,3.09992071e-02
;
1.33304922e+01,1.33304922e+01,2.23444880e-01
1.38459142e+01,1.38459142e+01,2.84651124e-01
1.84557786e+00,1.84557786e+00,1.62259003e-02
1.65878309e+01,1.65878309e+01,2.42484926e-02
1.04521265e+01,1.04521265e+01,2.24958799e-02
5.51634957e+00,5.51634957e+00,2.65504444e-02
7.32606367e+01,7.32606367e+01,5.06511492e-01
2.81208191e+00,2.81208191e+00,3.86149390e-03
6.16172700e+01,6.16172700e+01,2.62510939e-02
9.37114866e+01,9.37114866e+01,2.87529505e-01
1.74997976e+00,1.74997976e+00,3.63644840e-03
4.24813731e+01,4.24813731e+01,1.62585710e-01
1.08572405e+00,1.08572405e+00,1.75269295e-02
1.26040003e+00,1.26040003e+00,7.07405339e-03
7.59566250e+00,7.59566250e+00,5.90596017e-03
1.82491870e+01,1.82491870e+01,1.68239934e-01
2.57997903e+00,2.57997903e+00,3.11326359e-03
3.61125595e+01,3.61125595e+01,9.05075838e-01
1.43311038e+00,1.43311038e+00,7.68979023e-03
3.22695815e+01,3.22695815e+01,4.72524910e-01
1.72275488e+00,1.72275488e+00,3.50249498e-02
8.25104478e+01,8.25104478e+01,1.27080283e+00
1.54504967e+01,1.54504967e+01,5.58492146e-02
8.14897820e+01,8.14897820e+01,4.08727898e-01
4.95308639e+00,4.95308639e+00,3.20630013e-02
1.11824369e+01,1.11824369e+01,3.26996395e-02
2.42416548e+00,2.42416548e+00,2.64232441e-04
1.95724630e+00,1.95724630e+00,2.08861629e-02
3.84555204e+00,3.84555204e+00,4.38107287e-02
4.06390354e+01,4.06390354e+01,5.60464438e-01
3.10794870e+01,3.10794870e+01,1.48749322e-01
5.80435246e+00,5.80435246e+00,8.78427653e-02
3.78949230e+00,3.78949230e+00,3.11738742e-02
6.28047445e+01,6.28047445e+01,6.03914775e-01
6.41475987e+00,6.41475987e+00,6.25640813e-03
2.65360850e+01,2.65360850e+01,7.18877998e-02
2.85804662e+00,2.85804662e+00,1.45209389e-02
2.88789286e+01,2.88789286e+01,4.26080445e-01
3.82654927e+01,3.82654927e+01,3.03810395e-01
2.75155943e+00,2.75155943e+00,5.57960767e-03
1.94898815e+01,1.94898815e+01,4.50297259e-02
1.68719628e+00,1.68719628e+00,1.49970882e-02
2.62702903e+00,2.62702903e+00,1.39773178e-02
4.85855280e+01,4.85855280e+01,1.16919447e-01
1.41074137e+00,1.41074137e+00,1.74354742e-03
5.68098879e+00,5.68098879e+00,7.59061414e-03
8.13019836e+01,8.13019836e+01,1.45136762e+00
1.13528948e+01,1.13528948e+01,3.56915963e-01
4.75731005e+00,4.75731005e+00,4.17036841e-02
1.05121850e+00,1.05121850e+00,4.44897388e-03
4.47748810e+00,4.47748810e+00,2.45971150e-02
2.22581246e+00,2.22581246e+00,3.28208237e-02
2.04991056e+01,2.04991056e+01,1.41110242e-01
3.08947113e+01,3.08947113e+01,1.16316037e-01
5.67935235e+00,5.67935235e+00,2.68500022e-03
3.17342567e+00,3.17342567e+00,5.16092024e-02
4.77736935e+01,4.77736935e+01,1.05630340e-01
2.83755723e+01,2.83755723e+01,1.13310378e-01
2.19240120e+01,2.19240120e+01,1.53866637e-01
5.34746640e+01,5.34746640e+01,3.16752068e-01
7.50485816e+00,7.50485816e+00,5.33931725e-02
3.29687397e+00,3.29687397e+00,1.70671730e-02
1.40011295e+00,1.40011295e+00,6.68179751e-04
2.15002391e+00,2.15002391e+00,1.60020114e-02
6.41911829e+00,6.41911829e+00,3.58328559e-02
3.50121794e+00,3.50121794e+00,2.12524831e-02
7.17903876e+01,7.17903876e+01,2.28169886e-01
1.41205157e+00,1.41205157e+00,7.56643377e-03
1.60585606e+00,1.60585606e+00,4.12659555e-03
1.03885224e+00,1.03885224e+00,1.06146827e-02
2.22044715e+00,2.22044715e+00,2.71978618e-02
2.17957421e+00,2.17957421e+00,5.27126083e-02
5.43680281e+00,5.43680281e+00,1.01342607e-01
8.50486408e+01,8.50486408e+01,1.01039121e+00
2.04857321e+01,2.04857321e+01,8.09961802e-02
4.29601231e+01,4.29601231e+01,1.76119224e-01
4.16711266e+01,4.16711266e+01,4.05940232e-01
1.35785756e+00,1.35785756e+00,2.66198940e-03
7.49010602e+00,7.49010602e+00,3.37700537e-02
7.43152004e+00,7.43152004e+00,6.20884864e-02
7.43425890e+00,7.43425890e+00,1.36220362e-01
1.00889336e+00,1.00889336e+00,1.24245693e-02
1.33692186e+00,1.33692186e+00,7.28874042e-03
3.34332043e+01,3.34332043e+01,7.33568361e-01
1.13171844e+01,1.13171844e+01,9.59727386e-03
4.64429034e+01,4.64429034e+01,3.67396967e-02
1.11361452e+00,1.11361452e+00,2.32893761e-02
3.00730181e+00,3.00730181e+00,1.21308186e-02
1.59617494e+01,1.59617494e+01,4.99933963e-03
3.33725649e+00,3.33725649e+00,2.14236769e-02
2.69739151e+01,2.69739151e+01,5.29250912e-01
1.15594837e+01,1.15594837e+01,2.01559980e-01
2.87268118e+00,2.87268118e+00,6.48755846e-03
4.23506783e+01,4.23506783e+01,6.83192269e-02
3.44008711e+01,3.44008711e+01,9.94725088e-02
3.22312814e+01,3.22312814e+01,6.84871010e-02
1.01047613e+00,1.01047613e+00,3.58313693e-02
7.21882451e+00,7.21882451e+00,1.01521326e-01
1.74018410e+01,1.74018410e+01,2.94122423e-01
1.19617800e+00,1.19617800e+00,2.07333433e-03
;
1.62653678e+01,1.62653678e+01,6.19216889e-02
4.91514552e+01,4.91514552e+01,2.67033173e-01
1.66691513e+00,1.66691513e+00,1.08804976e-03
6.57860629e+00,6.57860629e+00,4.11260419e-02
9.49304837e+00,9.49304837e+00,7.59146243e-02
3.30738816e+01,3.30738816e+01,8.94461297e-01
7.46128020e+01,7.46128020e+01,1.82241324e+00
2.29765085e+01,2.29765085e+01,6.29773018e-02
5.34426542e+00,5.34426542e+00,5.79012071e-02
1.18277389e+01,1.18277389e+01,1.43255805e-01
1.44211729e+01,1.44211729e+01,1.96785489e-01
1.01115351e+00,1.01115351e+00,4.42152923e-03
2.63846966e+00,2.63846966e+00,3.20596935e-03
8.26924407e+00,8.26924407e+00,7.95225942e-03
1.84522885e+00,1.84522885e+00,6.34753104e-03
3.49601025e+01,3.49601025e+01,5.87573162e-01
4.09844097e+00,4.09844097e+00,2.40701010e-02
7.89399710e+00,7.89399710e+00,2.45505654e-02
2.16136090e+01,2.16136090e+01,1.56526825e-01
2.53269438e+00,2.53269438e+00,4.47891849e-02
7.42852193e+00,7.42852193e+00,4.03626366e-02
9.17451361e+00,9.17451361e+00,2.86589164e-02
3.08786469e+00,3.08786469e+00,9.43798546e-03
2.48246881e+01,2.48246881e+01,1.62456268e-01
7.09508079e+00,7.09508079e+00,7.44796908e-02
3.21787966e+00,3.21787966e+00,3.53511978e-04
3.89693889e+00,3.89693889e+00,1.72261122e-02
1.49661209e+00,1.49661209e+00,1.33303411e-02
3.50764170e+01,3.50764170e+01,3.28369066e-01
2.76267711e+00,2.76267711e+00,6.05283488e-03
1.03734881e+01,1.03734881e+01,8.86985441e-02
1.82681332e+01,1.82681332e+01,2.93236973e-01
4.41590190e+00,4.41590190e+00,9.86847832e-02
9.42390659e+01,9.42390659e+01,2.58805782e-01
2.80276863e+01,2.80276863e+01,5.81018739e-02
2.41016597e+01,2.41016597e+01,1.20310782e-01
1.17330745e+01,1.17330745e+01,1.33534370e-02
8.43996486e+01,8.43996486e+01,4.52492722e-01
2.04607450e+01,2.04607450e+01,1.03384812e+00
3.88134912e+01,3.88134912e+01,2.11578284e-01
3.98885640e+01,3.98885640e+01,6.24208511e-02
2.25105576e+01,2.25105576e+01,3.26318676e-01
1.00118723e+01,1.00118723e+01,3.13141990e-01
1.04012866e+01,1.04012866e+01,3.48319236e-02
2.90062462e+00,2.90062462e+00,1.06261836e-01
2.64192902e+01,2.64192902e+01,4.62108933e-03
6.49324358e+01,6.49324358e+01,7.74120475e-01
5.14470656e+00,5.14470656e+00,3.19693553e-02
1.18992977e+00,1.18992977e+00,1.35955439e-02
8.50155165e+00,8.50155165e+00,1.18046700e-01
2.82625019e+00,2.82625019e+00,3.73988117e-02
1.91245738e+01,1.91245738e+01,1.48016857e-01
1.49362066e+01,1.49362066e+01,2.92183044e-02
7.47883559e+00,7.47883559e+00,4.77404180e-02
4.69949197e+01,4.69949197e+01,8.19276491e-01
3.87550514e+00,3.87550514e+00,8.66849800e-02
5.77039093e+01,5.77039093e+01,1.44683922e-01
2.62173950e+00,2.62173950e+00,1.37231064e-02
5.83931017e+01,5.83931017e+01,2.33712783e-01
2.89346780e+00,2.89346780e+00,3.52239190e-02
2.79145514e+00,2.79145514e+00,5.04362291e-03
1.01255887e+00,1.01255887e+00,4.35196742e-03
1.62982550e+00,1.62982550e+00,2.98280136e-03
1.84247370e+00,1.84247370e+00,1.52737824e-02
3.00135064e+01,3.00135064e+01,3.92012257e-01
1.19472207e+01,1.19472207e+01,6.16235231e-02
1.81126762e+01,1.81126762e+01,2.06473881e-01
4.82678161e+00,4.82678161e+00,1.62620574e-02
2.47034232e+01,2.47034232e+01,1.84458130e-02
1.33709379e+00,1.33709379e+00,4.20736161e-03
3.00813179e+01,3.00813179e+01,2.86823080e-02
1.17253745e+00,1.17253745e+00,5.04198685e-03
8.16525446e+00,8.16525446e+00,8.14193539e-02
2.91534329e+01,2.91534329e+01,2.46415725e-01
2.41476064e+00,2.41476064e+00,2.38105150e-02
1.19214708e+01,1.19214708e+01,1.16182071e-01
1.32530211e+01,1.32530211e+01,3.54677729e-02
1.62976350e+00,1.62976350e+00,1.01033647e-02
2.18484765e+00,2.18484765e+00,2.61300571e-02
2.75553862e+01,2.75553862e+01,4.01517734e-01
4.75068381e+01,4.75068381e+01,5.53935071e-01
4.64994199e+01,4.64994199e+01,9.79435001e-02
1.39224817e+01,1.39224817e+01,1.54716325e-01
5.50616532e+00,5.50616532e+00,5.86120598e-03
3.28720384e+01,3.28720384e+01,1.30469914e-01
2.89272012e+00,2.89272012e+00,2.20247147e-02
7.19227221e+01,7.19227221e+01,6.30634708e-01
3.31778374e+00,3.31778374e+00,9.31384487e-02
1.21227707e+00,1.21227707e+00,1.13935932e-02
1.84470542e+00,1.84470542e+00,1.60838020e-02
6.94124070e+01,6.94124070e+01,1.86560778e-01
4.02897682e+00,4.02897682e+00,2.54695362e-03
1.20746241e+00,1.20746241e+00,1.36820443e-02
2.68224462e+01,2.68224462e+01,7.92612919e-03
1.77845846e+01,1.77845846e+01,4.49490552e-02
2.71334291e+00,2.71334291e+00,3.29291579e-02
2.03163413e+01,2.03163413e+01,7.85169229e-02
1.47208755e+00,1.47208755e+00,1.10858077e-02
1.59744282e+01,1.59744282e+01,1.24853817e-01
2.40120031e+01,2.40120031e+01,1.05452114e-01
;
5.66241649e+00,5.66241649e+00,5.30350283e-02
1.03119986e+01,1.03119986e+01,2.86196045e-02
8.55968046e+01,8.55968046e+01,1.57344159e+00
1.73804028e+00,1.73804028e+00,7.79746843e-03
4.37268971e+01,4.37268971e+01,1.27282487e-01
1.14225221e+00,1.14225221e+00,6.51784666e-03
7.53553936e+00,7.53553936e+00,1.80945514e-01
1.07295269e+00,1.07295269e+00,3.89270302e-03
6.46001347e+00,6.46001347e+00,1.82521652e-02
5.06488991e+01,5.06488991e+01,1.06761976e+00
5.45321232e+01,5.45321232e+01,7.88977319e-01
2.86061579e+00,2.86061579e+00,3.11175697e-02
2.20411919e+00,2.20411919e+00,9.65498163e-03
7.42479181e+01,7.42479181e+01,1.74361290e-01
5.65086307e+01,5.65086307e+01,3.61326643e-02
2.59947699e+00,2.59947699e+00,1.75234913e-04
2.80771045e+01,2.80771045e+01,2.24196665e-01
2.01506662e+01,2.01506662e+01,3.15695579e-01
1.86494729e+00,1.86494729e+00,1.00556149e-02
2.63465294e+01,2.63465294e+01,3.03082260e-02
8.99148407e+00,8.99148407e+00,8.73723161e-02
7.71653087e+00,7.71653087e+00,9.10771862e-03
6.50178200e+01,6.50178200e+01,3.52399025e-01
2.68055358e+01,2.68055358e+01,3.67285381e-01
5.58630157e+00,5.58630157e+00,1.92482364e-01
1.12156631e+01,1.12156631e+01,9.86391929e-02
6.52866207e+00,6.52866207e+00,1.31644970e-02
2.45172793e+00,2.45172793e+00,3.39610753e-02
3.22131015e+00,3.22131015e+00,5.04427661e-02
1.09700346e+00,1.09700346e+00,1.39544277e-03
4.30372340e+01,4.30372340e+01,4.38515232e-01
2.30138906e+01,2.30138906e+01,1.76890548e-02
1.23115252e+01,1.23115252e+01,9.38393823e-02
3.91398516e+01,3.91398516e+01,1.00200645e-01
9.37217660e+00,9.37217660e+00,9.06485532e-02
3.42130050e+00,3.42130050e+00,1.46375743e-03
1.16880889e+01,1.16880889e+01,2.41929017e-01
5.96639624e+01,5.96639624e+01,2.25865616e-01
4.17351853e+01,4.17351853e+01,1.36364055e-01
2.43617207e+01,2.43617207e+01,2.25408586e-01
2.46754794e+01,2.46754794e+01,1.19685437e-01
2.36512412e+01,2.36512412e+01,1.40429183e-01
9.46275467e+01,9.46275467e+01,2.83116542e-01
2.46606236e+01,2.46606236e+01,2.37251995e-01
1.23446241e+01,1.23446241e+01,1.90085039e-02
1.80420248e+01,1.80420248e+01,1.96750696e-01
5.70987352e+01,5.70987352e+01,2.85809738e-01
3.82893427e+00,3.82893427e+00,3.85158499e-02
1.14158764e+00,1.14158764e+00,4.23701539e-03
2.69963983e+00,2.69963983e+00,1.10395189e-02
2.49509963e+01,2.49509963e+01,8.12120738e-01
5.06556413e+00,5.06556413e+00,1.30713432e-02
3.93141367e+01,3.93141367e+01,1.96333709e-01
7.27322328e+00,7.27322328e+00,1.11065026e-03
8.33875745e+01,8.33875745e+01,1.28304289e+00
2.11930036e+01,2.11930036e+01,3.80066363e-01
2.27957495e+01,2.27957495e+01,6.96044594e-02
2.14606114e+00,2.14606114e+00,1.72868088e-02
4.82075792e+01,4.82075792e+01,4.80658996e-01
7.78853897e+01,7.78853897e+01,3.40220649e-01
8.58845353e+01,8.58845353e+01,4.65145661e-01
2.08093677e+01,2.08093677e+01,4.29383219e-01
4.04796366e+00,4.04796366e+00,2.63013316e-02
1.63906066e+00,1.63906066e+00,3.05636301e-03
1.70306756e+00,1.70306756e+00,1.50895725e-02
4.86212483e+00,4.86212483e+00,1.71027575e-02
4.84603220e+01,4.84603220e+01,3.89086423e-01
3.77504698e+01,3.77504698e+01,4.17726150e-01
1.58698442e+00,1.58698442e+00,2.13544781e-02
1.90312844e+01,1.90312844e+01,6.19290166e-01
3.31496987e+00,3.31496987e+00,3.73403508e-03
6.24705635e+01,6.24705635e+01,2.86549109e-01
3.08036300e+01,3.08036300e+01,4.87278736e-02
1.71609366e+00,1.71609366e+00,9.70440041e-03
1.72621746e+01,1.72621746e+01,1.25426715e-02
1.61170455e+01,1.61170455e+01,2.78740953e-01
3.77430301e+01,3.77430301e+01,7.76063085e-02
3.71123277e+01,3.71123277e+01,1.71035060e-01
1.07158492e+00,1.07158492e+00,2.68103414e-02
4.59667103e+00,4.59667103e+00,4.45053512e-02
1.15099914e+00,1.15099914e+00,2.99720510e-02
4.71248270e+01,4.71248270e+01,4.62366419e-01
3.23450381e+00,3.23450381e+00,6.10671679e-02
1.02654961e+01,1.02654961e+01,2.92220730e-02
3.34403083e+01,3.34403083e+01,1.35980039e-01
1.87895859e+00,1.87895859e+00,6.05598693e-02
2.78433146e+00,2.78433146e+00,9.67068872e-03
1.62144209e+01,1.62144209e+01,1.10238942e-01
9.13205051e+01,9.13205051e+01,1.46191207e+00
3.07112857e+01,3.07112857e+01,5.65676241e-01
1.00837603e+01,1.00837603e+01,4.73415878e-02
2.77465732e+00,2.77465732e+00,1.34693833e-02
4.69543038e+01,4.69543038e+01,1.24877301e-01
1.13024077e+00,1.13024077e+00,1.35580504e-02
6.51201662e+01,6.51201662e+01,1.16346947e+00
4.54512813e+00,4.54512813e+00,1.92027914e-03
2.72256036e+00,2.72256036e+00,3.84135222e-02
1.85780014e+01,1.85780014e+01,1.07922650e-01
1.53972591e+00,1.53972591e+00,2.15064628e-03
5.99491864e+01,5.99491864e+01,1.90780547e-01
;
4.43067620e+01,4.43067620e+01,7.79085436e-01
2.90296864e+01,2.90296864e+01,1.37454033e-01
7.52903767e+01,7.52903767e+01,1.00772336e+00
9.53509085e+00,9.53509085e+00,1.68385755e-01
2.70403897e+00,2.70403897e+00,3.79714345e-02
1.94602308e+00,1.94602308e+00,2.90386087e-02
2.13373606e+00,2.13373606e+00,2.33206934e-02
1.38720643e+00,1.38720643e+00,2.38510180e-02
5.06432535e+00,5.06432535e+00,8.45314831e-02
2.52896675e+00,2.52896675e+00,7.95094622e-04
1.66529073e+01,1.66529073e+01,2.37927159e-02
2.60068387e+00,2.60068387e+00,1.02431061e-02
5.00544815e+01,5.00544815e+01,8.60581157e-02
2.96866910e+01,2.96866910e+01,1.15148446e+00
1.85556835e+00,1.85556835e+00,1.04567500e-02
4.73890329e+01,4.73890329e+01,1.25243833e+00
7.05660957e+01,7.05660957e+01,7.66449272e-02
3.24640699e+00,3.24640699e+00,2.75132663e-02
1.08016554e+01,1.08016554e+01,2.91742119e-03
8.14054572e+00,8.14054572e+00,1.19946564e-02
2.66368650e+00,2.66368650e+00,6.06004131e-03
6.00624726e+01,6.00624726e+01,7.06656591e-01
5.87521394e+01,5.87521394e+01,8.30478075e-01
1.63282653e+01,1.63282653e+01,2.57201253e-02
1.32449389e+00,1.32449389e+00,2.23992940e-02
3.64332267e+00,3.64332267e+00,2.90103015e-02
1.65856745e+01,1.65856745e+01,8.80955872e-02
1.57774933e+00,1.57774933e+00,5.73316987e-03
1.99613688e+00,1.99613688e+00,5.46796322e-03
4.33532778e+01,4.33532778e+01,1.41931517e-02
2.78336510e+00,2.78336510e+00,1.45750989e-02
9.67980658e+00,9.67980658e+00,4.76986471e-02
4.61414649e+01,4.61414649e+01,6.08589960e-01
1.75327636e+01,1.75327636e+01,4.31905080e-01
4.48431062e+01,4.48431062e+01,7.84996376e-01
4.70826658e+01,4.70826658e+01,5.56240335e-01
5.44896111e+01,5.44896111e+01,4.21486402e-01
6.47064782e+00,6.47064782e+00,1.31547279e-01
8.91087805e+00,8.91087805e+00,2.72440488e-02
3.58384137e+00,3.58384137e+00,2.34267715e-02
3.20690082e+00,3.20690082e+00,5.87535323e-02
1.15816550e+00,1.15816550e+00,7.77990694e-03
1.17113842e+00,1.17113842e+00,1.86336857e-02
4.37437268e+01,4.37437268e+01,1.39556817e-01
4.63789383e+00,4.63789383e+00,1.36134745e-03
6.76147311e+01,6.76147311e+01,4.60943445e-01
3.24766431e+00,3.24766431e+00,2.36800181e-02
1.07662563e+00,1.07662563e+00,1.27438464e-02
2.41394236e+01,2.41394236e+01,6.00133102e-02
3.86075642e+00,3.86075642e+00,1.73537569e-01
1.17296819e+01,1.17296819e+01,3.24839413e-02
2.25292941e+01,2.25292941e+01,3.01429327e-01
1.05563872e+01,1.05563872e+01,6.16624259e-02
8.29693519e+00,8.29693519e+00,1.94546489e-02
1.82625050e+00,1.82625050e+00,1.93261207e-02
5.80055127e+00,5.80055127e+00,1.07861776e-01
3.51702680e+00,3.51702680e+00,1.36356833e-01
2.93801654e+01,2.93801654e+01,3.39674011e-01
1.56228957e+01,1.56228957e+01,9.62961768e-02
1.51656098e+01,1.51656098e+01,5.09714776e-02
3.17208468e+01,3.17208468e+01,4.45679071e-02
1.71492874e+00,1.71492874e+00,1.39957548e-02
1.41104523e+00,1.41104523e+00,3.23739142e-02
7.03839697e+01,7.03839697e+01,4.17479461e-02
4.98860616e+01,4.98860616e+01,1.34926319e-01
4.29875614e+01,4.29875614e+01,6.11206433e-02
1.26206573e+00,1.26206573e+00,6.04305752e-03
2.11555227e+01,2.11555227e+01,3.79080778e-01
7.31532209e+00,7.31532209e+00,2.52004464e-02
8.70510816e+01,8.70510816e+01,6.00608207e-01
6.44461118e+01,6.44461118e+01,4.40541752e-03
3.98533215e+00,3.98533215e+00,1.91668381e-02
9.85948832e+00,9.85948832e+00,2.02460982e-02
9.94698386e+00,9.94698386e+00,3.74532689e-02
2.06933642e+00,2.06933642e+00,3.08482715e-03
9.47282826e+01,9.47282826e+01,8.68418077e-01
4.37114288e+00,4.37114288e+00,6.98518796e-02
1.79110316e+01,1.79110316e+01,1.63864640e-01
6.39448298e+00,6.39448298e+00,1.09964680e-01
3.98774769e+00,3.98774769e+00,2.93628646e-02
7.36723919e+01,7.36723919e+01,7.28314804e-01
3.18228223e+01,3.18228223e+01,2.29781312e-02
2.42749934e+00,2.42749934e+00,1.56655699e-02
2.83249792e+00,2.83249792e+00,3.90102245e-02
3.08572761e+01,3.08572761e+01,5.54843587e-02
1.46537240e+00,1.46537240e+00,1.23513540e-03
2.61777733e+01,2.61777733e+01,5.43449494e-02
2.49337961e+00,2.49337961e+00,7.12105723e-03
1.04165735e+01,1.04165735e+01,4.11790038e-02
8.24576139e+01,8.24576139e+01,4.59749660e-01
1.52246937e+00,1.52246937e+00,7.93327502e-03
2.60378661e+01,2.60378661e+01,5.28223928e-02
1.60141895e+01,1.60141895e+01,1.27017899e-01
6.31977150e+01,6.31977150e+01,7.15903996e-01
1.74610033e+00,1.74610033e+00,7.81735928e-03
1.80785333e+00,1.80785333e+00,9.71957506e-03
5.20838790e+01,5.20838790e+01,1.70596347e-01
1.03209433e+01,1.03209433e+01,2.08234492e-02
4.21485820e+00,4.21485820e+00,1.33425508e-01
5.92946985e+00,5.92946985e+00,1.06450473e-01
;
3.88700805e+01,3.88700805e+01,9.69796061e-01
4.60235722e+00,4.60235722e+00,7.92938170e-02
9.44582852e+01,9.44582852e+01,2.19406564e-02
2.46917129e+01,2.46917129e+01,3.08720799e-01
1.13037858e+00,1.13037858e+00,6.88414446e-04
9.10877257e+01,9.10877257e+01,9.90226449e-01
1.31700660e+00,1.31700660e+00,9.87672058e-03
1.55861925e+01,1.55861925e+01,1.21856731e-01
5.44178743e+01,5.44178743e+01,1.45130335e-01
6.13968997e+01,6.13968997e+01,1.88391763e-01
8.81520083e+01,8.81520083e+01,1.23554036e+00
2.09807721e+01,2.09807721e+01,3.11748564e-01
3.04326183e+00,3.04326183e+00,2.33099993e-02
1.47722070e+01,1.47722070e+01,4.82388699e-01
5.99769128e+00,5.99769128e+00,1.03807734e-01
5.47329873e+01,5.47329873e+01,1.58216665e-01
3.02369423e+00,3.02369423e+00,1.80159016e-02
9.15741469e+00,9.15741469e+00,5.97154516e-02
2.82834654e+00,2.82834654e+00,3.92139740e-03
3.57731707e+01,3.57731707e+01,7.88513807e-01
2.42380086e+01,2.42380086e+01,4.06356315e-01
2.88007780e+01,2.88007780e+01,4.59592855e-01
4.21217346e+00,4.21217346e+00,4.42360229e-02
7.30202584e+01,7.30202584e+01,1.10312046e+00
5.01130017e+00,5.01130017e+00,9.16413876e-03
3.11909913e+00,3.11909913e+00,4.32920930e-03
5.75964760e+00,5.75964760e+00,7.99002117e-02
4.62575109e+01,4.62575109e+01,2.24208386e-01
2.22720426e+00,2.22720426e+00,7.13364356e-03
2.94745853e+01,2.94745853e+01,2.07223132e-01
3.33104260e+00,3.33104260e+00,9.59081657e-03
7.02069452e+00,7.02069452e+00,4.15317565e-02
1.73274457e+01,1.73274457e+01,3.60877837e-02
7.61881560e+00,7.61881560e+00,5.11815735e-03
2.67597799e+01,2.67597799e+01,2.02486428e-01
3.17116151e+01,3.17116151e+01,4.09294263e-01
4.73662372e+01,4.73662372e+01,3.16169718e-02
6.77689209e+00,6.77689209e+00,3.53546025e-03
1.62948545e+00,1.62948545e+00,8.93576840e-03
1.11631701e+00,1.11631701e+00,2.92889299e-03
1.78732770e+01,1.78732770e+01,2.63133414e-02
1.74049642e+01,1.74049642e+01,3.93680842e-03
7.45518292e+01,7.45518292e+01,7.18099334e-01
4.56069887e+00,4.56069887e+00,2.23293876e-02
3.45756903e+00,3.45756903e+00,1.30622679e-03
2.36293206e+01,2.36293206e+01,4.01395950e-01
2.33542718e+00,2.33542718e+00,1.47733001e-02
8.06491657e+01,8.06491657e+01,7.87195549e-02
9.42208418e+00,9.42208418e+00,2.65557425e-02
3.84503375e+01,3.84503375e+01,9.16947606e-01
2.28392653e+00,2.28392653e+00,2.96827278e-03
1.98014394e+00,1.98014394e+00,2.67884390e-02
1.36369647e+00,1.36369647e+00,1.15324607e-02
1.47333276e+01,1.47333276e+01,3.72594915e-01
1.22657246e+01,1.22657246e+01,3.18530379e-02
7.58973592e+01,7.58973592e+01,5.78588768e-01
8.93962469e+00,8.93962469e+00,5.80743749e-03
1.45299776e+01,1.45299776e+01,1.73364662e-02
3.00336230e+01,3.00336230e+01,2.52095580e-01
8.88930377e+01,8.88930377e+01,9.58586456e-01
3.42670835e+01,3.42670835e+01,3.93932987e-01
7.47228967e+01,7.47228967e+01,2.45945613e-01
8.30801479e+01,8.30801479e+01,9.82385821e-01
8.64216753e+01,8.64216753e+01,1.67682336e+00
1.87373917e+01,1.87373917e+01,1.51017105e-01
4.05808710e+00,4.05808710e+00,1.01801290e-03
6.32978192e+01,6.32978192e+01,1.82708027e+00
2.64500492e+01,2.64500492e+01,5.71256346e-02
6.96381267e+01,6.96381267e+01,1.03632867e+00
1.25605580e+01,1.25605580e+01,1.27133397e-01
5.63029137e+01,5.63029137e+01,1.04897904e+00
8.33065576e+00,8.33065576e+00,5.07761004e-02
6.97111941e+00,6.97111941e+00,3.13521909e-02
1.81114388e+01,1.81114388e+01,3.76180789e-01
1.02080447e+01,1.02080447e+01,5.85885792e-02
7.24430093e+01,7.24430093e+01,1.12252846e+00
1.32044302e+01,1.32044302e+01,3.73166801e-01
1.70834878e+00,1.70834878e+00,2.56646917e-02
2.97851586e+01,2.97851586e+01,2.09206470e-01
2.45746326e+00,2.45746326e+00,5.35430793e-03
3.47613595e+01,3.47613595e+01,2.57518262e-01
3.59447563e+01,3.59447563e+01,1.00275638e+00
7.99350139e+00,7.99350139e+00,3.28204233e-01
4.64340131e+01,4.64340131e+01,1.28494765e-01
1.11937572e+00,1.11937572e+00,1.62973348e-03
9.53645015e+01,9.53645015e+01,2.61228676e-01
1.36689286e+00,1.36689286e+00,2.55148339e-03
1.38705424e+01,1.38705424e+01,9.76325081e-02
1.05689728e+01,1.05689728e+01,9.98348289e-02
6.11948171e+01,6.11948171e+01,4.99578066e-01
5.10556057e+01,5.10556057e+01,5.42627739e-01
2.13666363e+01,2.13666363e+01,2.50383035e-01
1.95997161e+01,1.95997161e+01,7.10640502e-01
1.52140014e+01,1.52140014e+01,1.22189446e-01
1.35690897e+01,1.35690897e+01,1.04383352e-01
1.94324219e+00,1.94324219e+00,1.33244685e-02
3.11754580e+01,3.11754580e+01,6.69080046e-02
9.00445360e+01,9.00445360e+01,1.42282326e-01
5.20308597e+01,5.20308597e+01,8.36852751e-01
9.14762770e+01,9.14762770e+01,2.88742172e-01
;
3.97236751e+00,3.97236751e+00,2.42606216e-03
6.35977464e+01,6.35977464e+01,3.19876536e-02
3.86711729e+00,3.86711729e+00,5.59316586e-02
2.77084938e+00,2.77084938e+00,5.34672057e-03
8.18626701e+00,8.18626701e+00,2.07538093e-02
1.00131773e+01,1.00131773e+01,8.94854793e-02
7.01965807e+01,7.01965807e+01,1.62965207e+00
5.11543124e+01,5.11543124e+01,9.47731254e-02
4.49828966e+01,4.49828966e+01,2.80310651e-01
1.34310467e+01,1.34310467e+01,1.18659914e-02
1.55650564e+00,1.55650564e+00,8.56660022e-03
1.84868456e+01,1.84868456e+01,4.60062872e-02
3.13648784e+00,3.13648784e+00,6.42827638e-03
8.37172984e+01,8.37172984e+01,1.05983217e+00
5.55601111e+00,5.55601111e+00,8.98015743e-02
6.53599156e+01,6.53599156e+01,3.72614059e-01
5.79036375e+01,5.79036375e+01,3.25703155e+00
3.70168195e+01,3.70168195e+01,6.21564787e-01
1.42096485e+01,1.42096485e+01,1.53054808e-01
3.68425814e+01,3.68425814e+01,1.95905606e-01
3.23824826e+00,3.23824826e+00,1.08401234e-01
5.79828423e+00,5.79828423e+00,1.31142957e-02
5.28639656e+00,5.28639656e+00,1.28149895e-02
4.30424412e+01,4.30424412e+01,2.45472163e-02
5.66296795e+01,5.66296795e+01,1.19115567e+00
1.13124382e+01,1.13124382e+01,1.62954459e-01
1.34947392e+01,1.34947392e+01,1.30840518e-01
2.12341320e+01,2.12341320e+01,4.50386860e-02
4.95439967e+00,4.95439967e+00,4.77385234e-02
3.78981564e+00,3.78981564e+00,1.29058861e-03
4.19334380e+00,4.19334380e+00,4.17846359e-02
2.76993819e+00,2.76993819e+00,5.32919928e-02
3.72103426e+01,3.72103426e+01,5.47438873e-01
2.35023440e+01,2.35023440e+01,3.65506937e-01
8.11631340e+00,8.11631340e+00,1.04074349e-01
1.37407016e+00,1.37407016e+00,4.61488237e-02
2.27490079e+01,2.27490079e+01,7.42727929e-02
3.19787546e+01,3.19787546e+01,1.45443479e+00
6.95553867e+00,6.95553867e+00,2.66502595e-02
7.32626592e+01,7.32626592e+01,5.90073102e-02
3.56847525e+00,3.56847525e+00,4.95102438e-02
1.41249695e+00,1.41249695e+00,2.33954615e-02
5.15476816e+01,5.15476816e+01,2.16570032e-01
4.60741239e+00,4.60741239e+00,4.35577223e-03
6.25413012e+00,6.25413012e+00,1.09220915e-01
1.57190333e+00,1.57190333e+00,1.98665922e-02
2.45921329e+00,2.45921329e+00,2.41845840e-02
9.19380219e+01,9.19380219e+01,2.13371921e-01
2.43227247e+00,2.43227247e+00,1.64558020e-02
5.04719488e+01,5.04719488e+01,3.99548146e-01
2.83356521e+01,2.83356521e+01,1.52046033e-01
2.15451644e+00,2.15451644e+00,1.77944379e-02
1.35381377e+01,1.35381377e+01,1.96856449e-01
2.93431587e+00,2.93431587e+00,1.24297235e-02
3.83164056e+00,3.83164056e+00,9.88223777e-03
2.74808656e+00,2.74808656e+00,4.59308902e-02
3.25774138e+01,3.25774138e+01,3.17852686e-01
1.37042661e+00,1.37042661e+00,3.43680019e-03
2.15551923e+00,2.15551923e+00,5.14896260e-04
4.78728077e+00,4.78728077e+00,4.04068288e-02
7.34681308e+00,7.34681308e+00,2.44180246e-01
1.09662017e+01,1.09662017e+01,8.54348086e-02
1.47496741e+01,1.47496741e+01,8.62947019e-02
1.60712882e+01,1.60712882e+01,2.77131644e-01
1.72718933e+00,1.72718933e+00,1.80807646e-02
1.07881806e+01,1.07881806e+01,7.78321255e-02
1.24453374e+00,1.24453374e+00,1.97737046e-02
1.77197515e+00,1.77197515e+00,4.04481677e-03
1.16104233e+00,1.16104233e+00,1.18829878e-02
2.59732443e+01,2.59732443e+01,8.31087088e-01
2.41015483e+01,2.41015483e+01,2.09129131e-01
2.39316850e+01,2.39316850e+01,1.64645969e-01
3.34571940e+00,3.34571940e+00,2.51099277e-03
4.08179016e+01,4.08179016e+01,5.10043712e-01
2.21149018e+00,2.21149018e+00,5.86568213e-03
8.55745428e+01,8.55745428e+01,2.82275107e-01
2.78319943e+01,2.78319943e+01,6.78776548e-02
2.35225135e+01,2.35225135e+01,7.85518582e-02
8.85299151e+01,8.85299151e+01,2.06096076e+00
6.71118048e+00,6.71118048e+00,6.01131755e-02
2.06243467e+01,2.06243467e+01,6.34025646e-02
7.34791213e+01,7.34791213e+01,6.92235197e-04
5.90598701e+01,5.90598701e+01,2.42060269e-01
1.12165445e+00,1.12165445e+00,8.69733073e-03
5.02767390e+00,5.02767390e+00,6.10343659e-02
2.15220775e+01,2.15220775e+01,6.07172511e-01
8.41618119e+00,8.41618119e+00,2.87083131e-02
1.42679154e+00,1.42679154e+00,4.72262620e-03
7.08476777e+01,7.08476777e+01,1.05685991e+00
7.09472214e+01,7.09472214e+01,3.00533408e-01
1.46750004e+01,1.46750004e+01,1.53422964e-03
4.13366956e+01,4.13366956e+01,2.90623537e-02
1.75207185e+00,1.75207185e+00,5.68899321e-03
3.71454669e+00,3.71454669e+00,6.43089870e-02
2.75260547e+00,2.75260547e+00,1.09000815e-02
1.24329622e+00,1.24329622e+00,1.35045345e-02
4.25482612e+00,4.25482612e+00,1.38480976e-02
1.58086493e+00,1.58086493e+00,1.62494119e-02
4.86627237e+00,4.86627237e+00,2.49801171e-03
1.23683366e+00,1.23683366e+00,1.03689595e-02
;
2.07265255e+00,2.07265255e+00,1.55235262e-03
5.17331590e+00,5.17331590e+00,1.20508895e-02
2.85747076e+00,2.85747076e+00,3.85186854e-02
9.77509316e+00,9.77509316e+00,3.47920704e-01
1.06508294e+01,1.06508294e+01,2.51872487e-02
1.04026679e+00,1.04026679e+00,1.08983231e-03
9.03836474e+01,9.03836474e+01,1.67075833e+00
5.44674554e+01,5.44674554e+01,4.69992521e-01
7.75388637e+01,7.75388637e+01,2.70897087e-01
2.20036597e+01,2.20036597e+01,1.14169184e-01
5.39616692e+01,5.39616692e+01,2.15371638e-01
1.61204137e+01,1.61204137e+01,1.15878095e-01
2.77884647e+00,2.77884647e+00,6.21694246e-03
2.33798510e+01,2.33798510e+01,7.83407526e-02
3.94188354e+01,3.94188354e+01,8.36700399e-01
2.09489931e+01,2.09489931e+01,6.16847933e-01
7.03981501e+01,7.03981501e+01,3.49964118e-01
1.03398918e+01,1.03398918e+01,7.39611984e-02
3.42911506e+01,3.42911506e+01,1.93707278e-01
1.90942456e+01,1.90942456e+01,1.81141920e-02
1.23062498e+01,1.23062498e+01,5.30206085e-02
1.49039320e+01,1.49039320e+01,6.52155193e-01
6.69117327e+01,6.69117327e+01,6.64074345e-01
2.72838564e+01,2.72838564e+01,2.81243177e-01
6.29829682e+01,6.29829682e+01,1.17975698e-01
5.28188245e+00,5.28188245e+00,4.72187176e-02
1.67755959e+00,1.67755959e+00,2.47963959e-04
1.40156766e+00,1.40156766e+00,3.99893697e-02
1.13555246e+00,1.13555246e+00,1.67433067e-02
2.05280516e+00,2.05280516e+00,4.14174299e-03
9.73061400e+01,9.73061400e+01,1.42704371e+00
3.00628308e+01,3.00628308e+01,3.79856309e-01
9.38317260e+01,9.38317260e+01,7.02631934e-01
6.80907959e+01,6.80907959e+01,2.86612603e-01
1.60098932e+00,1.60098932e+00,2.02327647e-02
1.21655492e+01,1.21655492e+01,7.51591677e-03
2.37227589e+01,2.37227589e+01,4.50245333e-01
1.38768982e+00,1.38768982e+00,7.29030043e-03
9.77796330e+01,9.77796330e+01,3.41376082e-01
8.57585617e+00,8.57585617e+00,5.36582789e-02
2.02138145e+01,2.02138145e+01,4.35757118e-01
8.25359456e+00,8.25359456e+00,3.13537082e-02
3.97728110e+01,3.97728110e+01,1.18063795e+00
2.58706296e+01,2.58706296e+01,6.96583948e-02
1.69004344e+00,1.69004344e+00,2.44861648e-02
1.96636007e+00,1.96636007e+00,2.05971022e-02
2.53909143e+01,2.53909143e+01,3.89511743e-01
1.33947637e+00,1.33947637e+00,4.03970429e-02
2.60518291e+00,2.60518291e+00,9.65990467e-03
3.25759707e+00,3.25759707e+00,1.64777893e-03
6.97617929e+01,6.97617929e+01,9.26365824e-02
3.38314993e+00,3.38314993e+00,1.49120086e-02
5.93838395e+01,5.93838395e+01,2.56364902e-01
2.05642392e+01,2.05642392e+01,2.71457001e-01
2.39603769e+00,2.39603769e+00,1.87406424e-02
1.49502812e+01,1.49502812e+01,3.13814608e-02
2.32123816e+01,2.32123816e+01,3.49382163e-01
1.93965044e+00,1.93965044e+00,1.87048342e-02
1.00670223e+01,1.00670223e+01,3.57976126e-03
6.29646504e+01,6.29646504e+01,1.22909204e+00
2.66459333e+01,2.66459333e+01,4.85157638e-02
2.93842023e+01,2.93842023e+01,3.07567732e-01
1.27315116e+01,1.27315116e+01,5.05237627e-03
1.31814343e+00,1.31814343e+00,3.46712077e-02
1.94154300e+00,1.94154300e+00,6.90643074e-04
2.32168385e+00,2.32168385e+00,8.15913886e-02
5.14184847e+00,5.14184847e+00,1.86378657e-02
1.43677280e+00,1.43677280e+00,2.53619234e-02
8.64738464e+01,8.64738464e+01,1.63222755e-01
6.80708618e+01,6.80708618e+01,1.88032845e-01
9.84728051e+01,9.84728051e+01,7.46092579e-01
1.15770707e+00,1.15770707e+00,1.33237372e-02
2.61625276e+00,2.61625276e+00,4.30755649e-02
8.25664992e+01,8.25664992e+01,2.22757057e+00
2.89777088e+00,2.89777088e+00,6.57100699e-03
1.11535466e+00,1.11535466e+00,2.81271882e-02
1.02030449e+00,1.02030449e+00,2.39279362e-03
5.17300257e+00,5.17300257e+00,3.15949161e-03
3.43620585e+00,3.43620585e+00,3.48158956e-05
1.11866084e+00,1.11866084e+00,1.11446929e-04
2.53431354e+01,2.53431354e+01,5.91145733e-01
4.21205485e+00,4.21205485e+00,8.79278693e-02
3.70029566e+01,3.70029566e+01,1.41710930e+00
2.60914477e+00,2.60914477e+00,3.27301434e-02
4.37160798e+01,4.37160798e+01,2.11084837e-02
4.16448003e+00,4.16448003e+00,1.40459337e-03
9.18562507e+00,9.18562507e+00,2.70520371e-01
1.22153690e+01,1.22153690e+01,8.11067655e-02
9.89630585e+01,9.89630585e+01,8.17506614e-01
2.34232688e+00,2.34232688e+00,6.66441645e-03
1.56306548e+00,1.56306548e+00,2.42424118e-02
1.25133415e+00,1.25133415e+00,2.02416925e-03
4.48510032e+01,4.48510032e+01,3.40792218e-01
1.90257143e+01,1.90257143e+01,2.89150699e-01
1.70966559e+00,1.70966559e+00,5.66175991e-03
1.58304933e+01,1.58304933e+01,1.89209448e-01
2.77938069e+01,2.77938069e+01,1.85509187e-01
2.90141911e+01,2.90141911e+01,4.34847359e-02
5.58763096e+01,5.58763096e+01,8.55941330e-02
4.69825590e+01,4.69825590e+01,4.33845512e-03
;
;end